Procedure Summary																									
																									
Plate Type	384 WELL PLATE																								
Read	Read:  (A) 600																								
																									
600																									
	1	2	3	4	5	6	7	8	9	10	11	12	13	14	15	16	17	18	19	20	21	22	23	24	
A	0.078	0.579	0.652	0.643	0.443	0.655	0.72	0.661	0.57	0.697	0.06	0.577	0.603	0.574	0.642	0.536	0.062	0.614	0.066	0.561	0.5	0.532	0.682	0.595	600
B	0.604	0.581	0.385	0.604	0.454	0.34	0.589	0.611	0.626	0.546	0.598	0.691	0.451	0.677	0.502	0.499	0.603	0.601	0.588	0.197	0.592	0.552	0.1	0.494	600
C	0.566	0.542	0.55	0.825	0.543	0.544	0.543	0.55	0.669	0.613	0.536	0.137	0.467	0.607	0.054	0.393	0.546	0.598	0.578	0.501	0.553	0.547	0.471	0.478	600
D	0.614	0.579	0.563	0.549	0.437	0.586	0.573	0.562	0.056	0.54	0.647	0.607	0.533	0.66	0.051	0.705	0.429	0.493	0.599	0.425	0.52	0.494	0.445	0.226	600
E	0.563	0.546	0.609	0.53	0.595	0.583	0.434	0.467	0.543	0.404	0.112	0.601	0.06	0.506	0.559	0.578	0.597	0.614	0.597	0.398	0.505	0.361	0.467	0.368	600
F	0.596	0.554	0.561	0.614	0.51	0.565	0.589	0.544	0.557	0.542	0.066	0.548	0.641	0.584	0.571	0.583	0.465	0.051	0.621	0.176	0.405	0.505	0.557	0.685	600
G	0.563	0.598	0.551	0.076	0.547	0.551	0.612	0.532	0.415	0.478	0.446	0.526	0.483	0.459	0.634	0.501	0.504	0.677	0.559	0.535	0.654	0.454	0.46	0.634	600
H	0.658	0.509	0.568	0.598	0.195	0.615	0.677	0.487	0.658	0.503	0.489	0.571	0.58	0.699	0.488	0.547	0.576	0.516	0.496	0.054	0.606	0.635	0.454	0.484	600
I	0.43	0.626	0.559	0.634	0.079	0.556	0.525	0.679	0.532	0.455	0.524	0.407	0.536	0.054	0.591	0.661	0.631	0.587	0.586	0.652	0.509	0.05	0.365	0.433	600
J	0.653	0.6	0.664	0.459	0.634	0.655	0.615	0.569	0.597	0.548	0.526	0.058	0.502	0.638	0.54	0.56	0.585	0.697	0.438	0.437	0.594	0.49	0.327	0.647	600
K	0.631	0.609	0.707	0.824	0.677	0.561	0.68	0.671	0.554	0.689	0.533	0.647	0.538	0.545	0.517	0.6	0.582	0.496	0.055	0.577	0.683	0.643	0.584	0.609	600
L	0.573	0.499	0.629	0.475	0.519	0.642	0.629	0.657	0.578	0.567	0.652	0.648	0.513	0.583	0.571	0.526	0.524	0.052	0.595	0.472	0.645	0.649	0.614	0.058	600
M	0.66	0.596	0.425	0.615	0.069	0.51	0.614	0.588	0.597	0.062	0.667	0.557	0.708	0.633	0.544	0.54	0.542	0.65	0.678	0.081	0.568	0.557	0.067	0.541	600
N	0.515	0.691	0.648	0.537	0.701	0.715	0.474	0.577	0.602	0.583	0.565	0.661	0.533	0.75	0.658	0.554	0.391	0.575	0.627	0.553	0.513	0.485	0.526	0.059	600
O	0.597	0.464	0.737	0.596	0.601	0.546	0.567	0.639	0.52	0.585	0.524	0.547	0.596	0.562	0.656	0.533	0.614	0.491	0.445	0.456	0.528	0.515	0.501	0.419	600
P	0.544	0.551	0.534	0.639	0.517	0.466	0.063	0.53	0.505	0.56	0.5	0.483	0.529	0.528	0.088	0.452	0.488	0.515	0.503	0.421	0.509	0.46	0.484	0.463	600