Procedure Summary																									
																									
Plate Type	384 WELL PLATE																								
Read	Read:  (A) 600																								
																									
600																									
	1	2	3	4	5	6	7	8	9	10	11	12	13	14	15	16	17	18	19	20	21	22	23	24	
A	0.625	0.635	0.551	0.605	0.052	0.492	0.685	0.584	0.587	0.622	0.667	0.613	0.706	0.351	0.595	0.528	0.574	0.597	0.547	0.56	0.202	0.659	0.059	0.708	600
B	0.618	0.634	0.61	0.521	0.635	0.541	0.053	0.668	0.655	0.049	0.63	0.573	0.602	0.627	0.685	0.05	0.637	0.63	0.531	0.608	0.646	0.516	0.558	0.436	600
C	0.577	0.392	0.573	0.133	0.481	0.571	0.447	0.519	0.678	0.613	0.612	0.051	0.668	0.564	0.679	0.614	0.052	0.546	0.415	0.446	0.05	0.418	0.486	0.49	600
D	0.623	0.603	0.511	0.596	0.65	0.598	0.049	0.049	0.049	0.527	0.534	0.663	0.597	0.574	0.607	0.556	0.616	0.57	0.573	0.602	0.609	0.403	0.059	0.623	600
E	0.051	0.573	0.56	0.529	0.594	0.638	0.643	0.479	0.625	0.518	0.573	0.537	0.701	0.517	0.574	0.465	0.052	0.592	0.5	0.535	0.049	0.563	0.053	0.536	600
F	0.602	0.535	0.587	0.574	0.05	0.728	0.049	0.469	0.453	0.647	0.629	0.622	0.538	0.618	0.553	0.616	0.5	0.575	0.636	0.584	0.05	0.05	0.056	0.605	600
G	0.584	0.052	0.628	0.647	0.58	0.689	0.555	0.613	0.391	0.624	0.048	0.551	0.053	0.589	0.737	0.05	0.054	0.634	0.565	0.516	0.051	0.574	0.475	0.544	600
H	0.547	0.614	0.561	0.681	0.649	0.538	0.483	0.059	0.049	0.556	0.515	0.579	0.645	0.618	0.544	0.656	0.59	0.548	0.049	0.048	0.051	0.048	0.526	0.06	600
I	0.535	0.524	0.05	0.63	0.626	0.585	0.097	0.668	0.665	0.609	0.673	0.586	0.598	0.66	0.05	0.616	0.563	0.524	0.548	0.588	0.642	0.621	0.746	0.485	600
J	0.541	0.061	0.586	0.543	0.725	0.055	0.671	0.673	0.75	0.609	0.668	0.048	0.613	0.644	0.587	0.577	0.68	0.049	0.249	0.577	0.589	0.611	0.601	0.564	600
K	0.521	0.057	0.049	0.557	0.696	0.622	0.539	0.639	0.498	0.659	0.115	0.552	0.594	0.678	0.075	0.654	0.721	0.418	0.557	0.495	0.58	0.508	0.538	0.56	600
L	0.452	0.554	0.525	0.653	0.054	0.554	0.052	0.651	0.05	0.092	0.624	0.764	0.639	0.05	0.609	0.483	0.645	0.63	0.616	0.05	0.398	0.54	0.053	0.55	600
M	0.546	0.051	0.488	0.616	0.594	0.592	0.566	0.669	0.73	0.627	0.547	0.682	0.669	0.584	0.553	0.492	0.597	0.654	0.593	0.576	0.728	0.605	0.051	0.504	600
N	0.449	0.494	0.05	0.597	0.622	0.615	0.609	0.051	0.646	0.623	0.552	0.479	0.06	0.052	0.638	0.619	0.536	0.628	0.604	0.916	0.545	0.484	0.6	0.543	600
O	0.534	0.534	0.565	0.602	0.051	0.606	0.554	0.58	0.577	0.641	0.654	0.677	0.858	0.66	0.588	0.548	0.591	0.598	0.501	0.626	0.614	0.586	0.479	0.054	600
P	0.553	0.208	0.057	0.645	0.055	0.059	0.056	0.651	0.468	0.555	0.654	0.643	0.552	0.56	0.658	0.053	0.056	0.056	0.53	0.666	0.379	0.17	0.18	0.166	600