Procedure Summary																									
																									
Plate Type	384 WELL PLATE																								
Read	Read:  (A) 600																								
																									
600																									
	1	2	3	4	5	6	7	8	9	10	11	12	13	14	15	16	17	18	19	20	21	22	23	24	
A	0.147	0.59	0.107	0.601	0.052	0.626	0.106	0.708	0.09	0.519	0.255	0.564	0.056	0.654	0.069	0.569	0.058	0.579	0.224	0.54	0.054	0.375	0.506	0.536	600
B	0.171	0.082	0.173	0.18	0.186	0.08	0.146	0.061	0.057	0.157	0.053	0.051	0.052	0.057	0.056	0.054	0.062	0.185	0.049	0.229	0.055	0.054	0.075	0.061	600
C	0.085	0.697	0.384	0.595	0.055	0.691	0.055	0.447	0.082	0.558	0.068	0.584	0.048	0.471	0.052	0.461	0.053	0.584	0.052	0.531	0.435	0.31	0.472	0.456	600
D	0.103	0.055	0.09	0.156	0.085	0.06	0.052	0.062	0.059	0.054	0.06	0.059	0.049	0.258	0.052	0.05	0.187	0.156	0.245	0.165	0.194	0.061	0.099	0.058	600
E	0.065	0.083	0.068	0.613	0.082	0.659	0.052	0.603	0.114	0.607	0.049	0.461	0.064	0.609	0.063	0.547	0.076	0.539	0.054	0.483	0.054	0.403	0.188	0.555	600
F	0.061	0.132	0.068	0.076	0.057	0.24	0.06	0.134	0.058	0.168	0.048	0.148	0.131	0.09	0.091	0.088	0.174	0.186	0.053	0.165	0.074	0.052	0.052	0.072	600
G	0.096	0.635	0.077	0.58	0.126	0.669	0.054	0.538	0.048	0.492	0.484	0.682	0.173	0.561	0.052	0.589	0.053	0.42	0.563	0.57	0.07	0.417	0.056	0.544	600
H	0.057	0.059	0.057	0.061	0.055	0.065	0.059	0.049	0.049	0.05	0.212	0.248	0.209	0.056	0.073	0.056	0.05	0.272	0.266	0.052	0.049	0.054	0.055	0.063	600
I	0.596	0.648	0.51	0.641	0.616	0.698	0.558	0.548	0.072	0.701	0.578	0.661	0.515	0.535	0.546	0.588	0.143	0.616	0.505	0.578	0.055	0.54	0.464	0.477	600
J	0.091	0.101	0.065	0.08	0.058	0.087	0.068	0.145	0.049	0.2	0.072	0.059	0.052	0.053	0.05	0.052	0.058	0.055	0.061	0.171	0.054	0.052	0.126	0.253	600
K	0.55	0.605	0.555	0.571	0.55	0.627	0.658	0.614	0.631	0.593	0.559	0.652	0.233	0.524	0.592	0.658	0.641	0.659	0.546	0.558	0.598	0.572	0.394	0.51	600
L	0.082	0.092	0.059	0.177	0.06	0.218	0.076	0.073	0.06	0.051	0.061	0.219	0.059	0.052	0.058	0.052	0.054	0.066	0.055	0.057	0.057	0.055	0.056	0.136	600
M	0.62	0.585	0.483	0.715	0.613	0.07	0.495	0.052	0.599	0.157	0.433	0.067	0.692	0.049	0.52	0.663	0.539	0.637	0.562	0.511	0.425	0.42	0.512	0.425	600
N	0.084	0.077	0.054	0.058	0.064	0.073	0.056	0.05	0.078	0.055	0.254	0.065	0.087	0.066	0.078	0.051	0.059	0.09	0.055	0.054	0.056	0.052	0.102	0.186	600
O	0.581	0.696	0.615	0.07	0.487	0.653	0.65	0.157	0.633	0.055	0.485	0.499	0.49	0.06	0.648	0.052	0.574	0.057	0.422	0.394	0.407	0.477	0.49	0.422	600
P	0.063	0.081	0.08	0.052	0.057	0.064	0.074	0.235	0.123	0.183	0.068	0.057	0.054	0.057	0.057	0.056	0.063	0.055	0.054	0.058	0.054	0.054	0.058	0.06	600