Procedure Summary																									
																									
Plate Type	384 WELL PLATE																								
Read	Read:  (A) 600																								
																									
600																									
	1	2	3	4	5	6	7	8	9	10	11	12	13	14	15	16	17	18	19	20	21	22	23	24	
A	0.11	0.577	0.553	0.572	0.614	0.677	0.749	0.601	0.682	0.687	0.263	0.629	0.546	0.511	0.728	0.542	0.078	0.734	0.122	0.63	0.569	0.486	0.597	0.624	600
B	0.479	0.459	0.608	0.541	0.674	0.561	0.671	0.658	0.687	0.591	0.516	0.691	0.609	0.634	0.49	0.577	0.685	0.536	0.659	0.128	0.744	0.619	0.226	0.52	600
C	0.359	0.394	0.657	0.267	0.568	0.589	0.565	0.619	0.625	0.56	0.802	0.716	0.571	0.615	0.062	0.559	0.716	0.67	0.667	0.653	0.583	0.653	0.727	0.512	600
D	0.416	0.502	0.491	0.464	0.503	0.593	0.552	0.596	0.053	0.687	0.582	0.604	0.553	0.724	0.102	0.524	0.691	0.488	0.658	0.053	0.676	0.673	0.617	0.169	600
E	0.482	0.532	0.605	0.583	0.552	0.555	0.536	0.499	0.495	0.581	0.056	0.606	0.055	0.509	0.684	0.586	0.518	0.511	0.712	0.621	0.782	0.567	0.585	0.634	600
F	0.481	0.429	0.468	0.546	0.582	0.573	0.6	0.646	0.464	0.625	0.05	0.491	0.538	0.635	0.597	0.54	0.446	0.053	0.698	0.079	0.537	0.547	0.519	0.452	600
G	0.39	0.447	0.441	0.061	0.518	0.547	0.711	0.505	0.415	0.665	0.459	0.67	0.484	0.649	0.611	0.528	0.541	0.633	0.669	0.604	0.667	0.555	0.554	0.625	600
H	0.521	0.427	0.479	0.577	0.055	0.481	0.391	0.563	0.467	0.629	0.416	0.721	0.706	0.201	0.459	0.736	0.503	0.627	0.736	0.087	0.61	0.649	0.601	0.605	600
I	0.445	0.438	0.538	0.503	0.062	0.501	0.46	0.51	0.431	0.598	0.637	0.679	0.673	0.053	0.662	0.651	0.472	0.617	0.644	0.693	0.495	0.056	0.572	0.54	600
J	0.433	0.451	0.642	0.538	0.514	0.564	0.611	0.54	0.531	0.611	0.477	0.055	0.492	0.501	0.607	0.594	0.654	0.608	0.761	0.409	0.605	0.521	0.46	0.613	600
K	0.435	0.54	0.626	0.721	0.632	0.505	0.459	0.507	0.726	0.634	0.51	0.658	0.603	0.585	0.379	0.7	0.666	0.615	0.055	0.601	0.648	0.692	0.605	0.662	600
L	0.397	0.523	0.468	0.584	0.523	0.551	0.509	0.567	0.59	0.499	0.702	0.581	0.564	0.396	0.619	0.608	0.592	0.056	0.698	0.618	0.718	0.584	0.746	0.063	600
M	0.485	0.382	0.39	0.471	0.059	0.452	0.646	0.49	0.551	0.051	0.57	0.624	0.707	0.471	0.46	0.548	0.52	0.542	0.649	0.064	0.572	0.64	0.053	0.648	600
N	0.423	0.526	0.442	0.441	0.626	0.542	0.4	0.477	0.517	0.604	0.549	0.565	0.547	0.584	0.525	0.515	0.478	0.585	0.544	0.549	0.606	0.587	0.539	0.25	600
O	0.474	0.413	0.64	0.47	0.517	0.505	0.651	0.581	0.618	0.604	0.65	0.467	0.532	0.609	0.612	0.592	0.498	0.666	0.624	0.609	0.59	0.577	0.635	0.575	600
P	0.426	0.587	0.56	0.519	0.396	0.501	0.055	0.492	0.455	0.426	0.506	0.442	0.413	0.477	0.062	0.618	0.663	0.585	0.536	0.653	0.494	0.546	0.694	0.601	600