Procedure Summary																									
																									
Plate Type	384 WELL PLATE																								
Read	Read:  (A) 600																								
																									
600																									
	1	2	3	4	5	6	7	8	9	10	11	12	13	14	15	16	17	18	19	20	21	22	23	24	
A	0.594	0.704	0.661	0.683	0.145	0.629	0.73	0.74	0.602	0.625	0.639	0.629	0.647	0.647	0.612	0.715	0.654	0.657	0.61	0.66	0.634	0.072	0.135	0.568	600
B	0.57	0.517	0.612	0.599	0.651	0.565	0.09	0.556	0.567	0.056	0.661	0.651	0.467	0.5	0.631	0.061	0.61	0.658	0.62	0.62	0.635	0.638	0.607	0.584	600
C	0.573	0.613	0.522	0.07	0.519	0.505	0.607	0.603	0.572	0.058	0.722	0.056	0.449	0.506	0.483	0.593	0.604	0.639	0.602	0.723	0.059	0.633	0.627	0.654	600
D	0.499	0.541	0.66	0.493	0.591	0.516	0.065	0.063	0.053	0.53	0.66	0.695	0.656	0.701	0.654	0.625	0.486	0.502	0.618	0.56	0.655	0.509	0.58	0.531	600
E	0.092	0.616	0.584	0.633	0.584	0.633	0.502	0.611	0.593	0.679	0.648	0.711	0.626	0.553	0.666	0.562	0.629	0.674	0.577	0.67	0.064	0.492	0.523	0.66	600
F	0.555	0.512	0.592	0.549	0.062	0.613	0.05	0.436	0.508	0.635	0.463	0.52	0.534	0.505	0.529	0.559	0.644	0.58	0.502	0.548	0.056	0.054	0.485	0.536	600
G	0.578	0.583	0.543	0.506	0.56	0.54	0.421	0.552	0.525	0.597	0.07	0.051	0.061	0.681	0.599	0.542	0.537	0.46	0.532	0.547	0.537	0.487	0.518	0.541	600
H	0.564	0.491	0.511	0.547	0.583	0.605	0.528	0.054	0.061	0.647	0.055	0.672	0.64	0.553	0.679	0.601	0.725	0.615	0.62	0.05	0.647	0.052	0.547	0.068	600
I	0.543	0.541	0.079	0.532	0.628	0.533	0.067	0.602	0.613	0.574	0.62	0.537	0.055	0.596	0.066	0.642	0.558	0.582	0.539	0.637	0.676	0.539	0.762	0.592	600
J	0.586	0.063	0.649	0.606	0.552	0.064	0.565	0.714	0.575	0.697	0.548	0.054	0.544	0.572	0.538	0.631	0.57	0.059	0.06	0.547	0.577	0.624	0.616	0.722	600
K	0.487	0.058	0.072	0.523	0.561	0.547	0.582	0.596	0.532	0.604	0.549	0.665	0.654	0.622	0.053	0.567	0.566	0.639	0.656	0.465	0.558	0.599	0.616	0.499	600
L	0.511	0.564	0.514	0.585	0.06	0.572	0.502	0.526	0.057	0.055	0.542	0.531	0.538	0.054	0.536	0.569	0.549	0.533	0.666	0.062	0.493	0.649	0.525	0.551	600
M	0.555	0.06	0.431	0.621	0.452	0.496	0.544	0.63	0.453	0.498	0.59	0.543	0.564	0.424	0.629	0.651	0.549	0.639	0.599	0.572	0.456	0.524	0.061	0.635	600
N	0.442	0.555	0.074	0.601	0.523	0.548	0.467	0.054	0.422	0.412	0.477	0.562	0.366	0.055	0.437	0.476	0.634	0.641	0.53	0.6	0.532	0.523	0.678	0.68	600
O	0.474	0.445	0.498	0.608	0.061	0.537	0.492	0.637	0.558	0.511	0.523	0.558	0.555	0.574	0.449	0.577	0.614	0.609	0.627	0.504	0.579	0.56	0.615	0.512	600
P	0.445	0.505	0.44	0.412	0.386	0.443	0.053	0.509	0.483	0.435	0.435	0.397	0.519	0.436	0.539	0.053	0.464	0.446	0.423	0.501	0.482	0.472	0.472	0.108	600