Procedure Summary																									
																									
Plate Type	384 WELL PLATE																								
Read	Read:  (A) 600																								
																									
600																									
	1	2	3	4	5	6	7	8	9	10	11	12	13	14	15	16	17	18	19	20	21	22	23	24	
A	0.662	0.389	0.339	0.384	0.054	0.596	0.475	0.561	0.473	0.76	0.295	0.327	0.561	0.578	0.528	0.581	0.43	0.519	0.492	0.45	0.637	0.546	0.051	0.422	600
B	0.59	0.428	0.534	0.573	0.589	0.623	0.052	0.551	0.491	0.07	0.53	0.392	0.565	0.718	0.479	0.05	0.479	0.432	0.628	0.46	0.315	0.362	0.554	0.473	600
C	0.405	0.467	0.516	0.223	0.519	0.487	0.501	0.499	0.381	0.522	0.619	0.049	0.64	0.579	0.522	0.635	0.426	0.423	0.429	0.383	0.087	0.213	0.179	0.362	600
D	0.515	0.474	0.535	0.488	0.338	0.456	0.052	0.051	0.062	0.451	0.46	0.51	0.553	0.437	0.612	0.391	0.552	0.504	0.6	0.387	0.483	0.495	0.638	0.424	600
E	0.062	0.612	0.611	0.579	0.462	0.57	0.576	0.581	0.496	0.571	0.641	0.576	0.632	0.662	0.732	0.477	0.465	0.48	0.366	0.424	0.051	0.519	0.523	0.416	600
F	0.482	0.479	0.557	0.391	0.05	0.43	0.063	0.493	0.322	0.607	0.509	0.368	0.411	0.575	0.548	0.562	0.604	0.551	0.544	0.531	0.115	0.057	0.374	0.482	600
G	0.721	0.056	0.561	0.609	0.512	0.538	0.505	0.606	0.508	0.46	0.051	0.462	0.527	0.527	0.506	0.54	0.539	0.54	0.575	0.489	0.38	0.417	0.463	0.513	600
H	0.543	0.509	0.627	0.58	0.595	0.561	0.488	0.051	0.05	0.505	0.455	0.47	0.439	0.465	0.658	0.587	0.429	0.605	0.497	0.065	0.616	0.242	0.414	0.095	600
I	0.505	0.527	0.05	0.658	0.543	0.491	0.052	0.437	0.52	0.495	0.537	0.565	0.472	0.397	0.052	0.577	0.482	0.449	0.499	0.523	0.489	0.412	0.455	0.405	600
J	0.557	0.053	0.63	0.569	0.504	0.052	0.561	0.555	0.484	0.655	0.546	0.05	0.507	0.6	0.417	0.557	0.509	0.048	0.256	0.531	0.52	0.493	0.514	0.442	600
K	0.496	0.082	0.055	0.668	0.571	0.651	0.498	0.611	0.595	0.481	0.503	0.37	0.482	0.333	0.085	0.495	0.674	0.551	0.52	0.406	0.538	0.447	0.489	0.407	600
L	0.675	0.383	0.576	0.546	0.05	0.37	0.416	0.455	0.051	0.068	0.599	0.488	0.441	0.049	0.447	0.397	0.266	0.464	0.454	0.062	0.439	0.538	0.472	0.416	600
M	0.411	0.053	0.322	0.569	0.613	0.405	0.392	0.552	0.736	0.39	0.543	0.579	0.554	0.354	0.623	0.293	0.48	0.559	0.544	0.434	0.399	0.381	0.057	0.421	600
N	0.517	0.471	0.052	0.524	0.412	0.607	0.423	0.051	0.395	0.579	0.69	0.528	0.306	0.052	0.429	0.354	0.376	0.478	0.436	0.092	0.347	0.261	0.579	0.378	600
O	0.514	0.493	0.467	0.591	0.051	0.509	0.374	0.494	0.584	0.598	0.674	0.557	0.546	0.545	0.739	0.476	0.651	0.624	0.195	0.598	0.459	0.484	0.442	0.318	600
P	0.404	0.603	0.152	0.527	0.405	0.503	0.052	0.533	0.445	0.475	0.553	0.261	0.509	0.569	0.464	0.062	0.533	0.536	0.435	0.413	0.419	0.42	0.428	0.143	600