Procedure Summary																									
																									
Plate Type	384 WELL PLATE																								
Read	Read:  (A) 600																								
																									
600																									
	1	2	3	4	5	6	7	8	9	10	11	12	13	14	15	16	17	18	19	20	21	22	23	24	
A	0.593	0.118	0.619	0.41	0.687	0.581	0.689	0.58	0.598	0.483	0.584	0.652	0.667	0.049	0.181	0.056	0.559	0.11	0.573	0.056	0.621	0.247	0.644	0.703	600
B	0.666	0.581	0.697	0.635	0.136	0.731	0.527	0.583	0.592	0.68	0.726	0.701	0.177	0.71	0.574	0.645	0.507	0.567	0.699	0.651	0.571	0.711	0.638	0.514	600
C	0.658	0.604	0.62	0.054	0.56	0.107	0.675	0.682	0.677	0.054	0.629	0.137	0.555	0.76	0.56	0.052	0.545	0.058	0.691	0.713	0.615	0.133	0.609	0.548	600
D	0.642	0.077	0.642	0.534	0.055	0.056	0.711	0.725	0.684	0.557	0.667	0.636	0.632	0.654	0.524	0.538	0.507	0.078	0.798	0.581	0.601	0.577	0.437	0.648	600
E	0.662	0.643	0.687	0.089	0.711	0.61	0.613	0.598	0.608	0.555	0.124	0.067	0.053	0.654	0.447	0.067	0.639	0.667	0.753	0.568	0.515	0.049	0.643	0.052	600
F	0.621	0.671	0.692	0.544	0.078	0.65	0.682	0.59	0.653	0.62	0.625	0.718	0.514	0.701	0.42	0.678	0.649	0.572	0.726	0.604	0.614	0.601	0.649	0.678	600
G	0.655	0.73	0.712	0.619	0.744	0.616	0.754	0.087	0.591	0.591	0.054	0.057	0.659	0.657	0.633	0.075	0.667	0.707	0.581	0.759	0.075	0.589	0.638	0.697	600
H	0.66	0.677	0.625	0.533	0.674	0.659	0.706	0.067	0.691	0.62	0.637	0.7	0.296	0.592	0.646	0.771	0.609	0.549	0.694	0.717	0.727	0.063	0.6	0.057	600
I	0.683	0.726	0.681	0.718	0.669	0.723	0.62	0.677	0.61	0.585	0.685	0.185	0.063	0.054	0.681	0.052	0.613	0.695	0.077	0.7	0.052	0.487	0.386	0.541	600
J	0.097	0.694	0.634	0.713	0.717	0.653	0.081	0.707	0.735	0.721	0.635	0.626	0.653	0.652	0.051	0.635	0.69	0.428	0.527	0.051	0.623	0.68	0.578	0.777	600
K	0.695	0.69	0.744	0.682	0.741	0.685	0.609	0.728	0.76	0.541	0.585	0.119	0.632	0.719	0.055	0.677	0.276	0.072	0.077	0.653	0.303	0.46	0.425	0.531	600
L	0.692	0.642	0.619	0.654	0.695	0.624	0.647	0.592	0.66	0.609	0.639	0.748	0.721	0.054	0.563	0.666	0.705	0.641	0.657	0.051	0.671	0.778	0.549	0.693	600
M	0.086	0.657	0.584	0.721	0.053	0.669	0.65	0.612	0.074	0.664	0.533	0.585	0.591	0.052	0.638	0.656	0.072	0.602	0.723	0.549	0.596	0.649	0.055	0.726	600
N	0.63	0.115	0.64	0.613	0.599	0.715	0.504	0.584	0.701	0.599	0.627	0.615	0.53	0.693	0.612	0.671	0.359	0.784	0.767	0.702	0.566	0.678	0.07	0.741	600
O	0.543	0.502	0.051	0.727	0.075	0.562	0.07	0.571	0.052	0.685	0.719	0.612	0.722	0.479	0.716	0.599	0.708	0.696	0.214	0.632	0.56	0.645	0.075	0.06	600
P	0.378	0.685	0.657	0.69	0.475	0.574	0.592	0.619	0.616	0.593	0.54	0.611	0.689	0.606	0.635	0.67	0.629	0.727	0.66	0.697	0.502	0.496	0.666	0.414	600