Procedure Summary																									
																									
Plate Type	384 WELL PLATE																								
Read	Read:  (A) 600																								
																									
600																									
	1	2	3	4	5	6	7	8	9	10	11	12	13	14	15	16	17	18	19	20	21	22	23	24	
A	0.7	0.686	0.613	0.599	0.606	0.569	0.725	0.703	0.694	0.635	0.679	0.689	0.669	0.627	0.71	0.674	0.584	0.715	0.609	0.73	0.587	0.728	0.699	0.638	600
B	0.699	0.615	0.608	0.589	0.651	0.663	0.623	0.53	0.629	0.616	0.608	0.77	0.527	0.11	0.616	0.108	0.532	0.702	0.633	0.568	0.693	0.568	0.675	0.652	600
C	0.676	0.563	0.606	0.059	0.487	0.658	0.672	0.66	0.651	0.682	0.663	0.745	0.549	0.284	0.522	0.627	0.595	0.588	0.564	0.5	0.393	0.642	0.383	0.592	600
D	0.56	0.182	0.719	0.053	0.57	0.696	0.733	0.685	0.572	0.677	0.655	0.652	0.63	0.704	0.579	0.482	0.577	0.7	0.573	0.58	0.73	0.512	0.541	0.608	600
E	0.522	0.515	0.641	0.056	0.632	0.576	0.574	0.599	0.604	0.646	0.687	0.655	0.493	0.563	0.495	0.714	0.662	0.62	0.616	0.575	0.55	0.668	0.572	0.458	600
F	0.592	0.061	0.603	0.614	0.533	0.612	0.721	0.647	0.61	0.622	0.571	0.587	0.735	0.791	0.716	0.703	0.695	0.659	0.752	0.086	0.655	0.511	0.648	0.636	600
G	0.089	0.688	0.686	0.059	0.663	0.65	0.713	0.075	0.072	0.665	0.518	0.578	0.523	0.644	0.679	0.612	0.623	0.725	0.662	0.743	0.584	0.695	0.54	0.665	600
H	0.646	0.59	0.609	0.595	0.679	0.643	0.703	0.542	0.718	0.563	0.862	0.702	0.533	0.774	0.664	0.724	0.704	0.556	0.62	0.714	0.063	0.739	0.536	0.613	600
I	0.602	0.055	0.6	0.612	0.632	0.714	0.601	0.545	0.55	0.057	0.573	0.636	0.81	0.731	0.678	0.652	0.756	0.631	0.706	0.677	0.746	0.533	0.056	0.463	600
J	0.754	0.544	0.696	0.682	0.691	0.573	0.709	0.685	0.72	0.051	0.672	0.559	0.183	0.666	0.469	0.608	0.618	0.698	0.613	0.664	0.654	0.647	0.471	0.74	600
K	0.64	0.684	0.693	0.661	0.67	0.664	0.567	0.752	0.607	0.774	0.492	0.709	0.596	0.05	0.617	0.656	0.694	0.655	0.656	0.588	0.695	0.512	0.054	0.059	600
L	0.498	0.595	0.587	0.548	0.659	0.599	0.606	0.563	0.453	0.604	0.732	0.631	0.541	0.615	0.544	0.575	0.444	0.488	0.684	0.545	0.677	0.629	0.575	0.625	600
M	0.563	0.592	0.466	0.526	0.472	0.474	0.704	0.635	0.555	0.053	0.7	0.553	0.745	0.578	0.577	0.58	0.671	0.591	0.67	0.566	0.582	0.691	0.678	0.679	600
N	0.516	0.519	0.608	0.052	0.561	0.634	0.519	0.607	0.599	0.665	0.567	0.562	0.444	0.069	0.616	0.636	0.572	0.647	0.6	0.679	0.475	0.647	0.643	0.675	600
O	0.459	0.489	0.691	0.698	0.7	0.552	0.649	0.065	0.655	0.637	0.587	0.575	0.552	0.566	0.706	0.654	0.647	0.74	0.644	0.649	0.087	0.553	0.532	0.507	600
P	0.53	0.479	0.61	0.642	0.536	0.607	0.547	0.622	0.058	0.581	0.495	0.576	0.722	0.551	0.715	0.557	0.744	0.543	0.062	0.527	0.466	0.362	0.548	0.566	600