Procedure Summary																									
																									
Plate Type	384 WELL PLATE																								
Read	Read:  (A) 600																								
																									
600																									
	1	2	3	4	5	6	7	8	9	10	11	12	13	14	15	16	17	18	19	20	21	22	23	24	
A	0.229	0.616	0.11	0.431	0.087	0.599	0.072	0.625	0.108	0.513	0.097	0.715	0.059	0.804	0.265	0.535	0.253	0.554	0.07	0.667	0.09	0.599	0.613	0.634	600
B	0.098	0.098	0.098	0.107	0.102	0.09	0.096	0.076	0.057	0.062	0.068	0.061	0.062	0.269	0.072	0.086	0.147	0.128	0.195	0.203	0.209	0.061	0.115	0.06	600
C	0.089	0.549	0.121	0.352	0.089	0.703	0.096	0.598	0.1	0.705	0.063	0.735	0.061	0.76	0.075	0.06	0.293	0.573	0.095	0.605	0.653	0.61	0.38	0.497	600
D	0.081	0.071	0.102	0.071	0.075	0.087	0.096	0.06	0.058	0.087	0.075	0.108	0.056	0.089	0.076	0.096	0.063	0.067	0.074	0.07	0.067	0.062	0.07	0.061	600
E	0.076	0.09	0.096	0.519	0.081	0.643	0.077	0.705	0.06	0.723	0.12	0.624	0.06	0.69	0.065	0.634	0.088	0.579	0.077	0.55	0.091	0.523	0.072	0.379	600
F	0.087	0.063	0.082	0.065	0.08	0.074	0.067	0.057	0.08	0.054	0.06	0.081	0.091	0.095	0.093	0.082	0.104	0.081	0.073	0.173	0.09	0.054	0.227	0.056	600
G	0.109	0.64	0.101	0.649	0.095	0.65	0.098	0.645	0.089	0.497	0.56	0.631	0.09	0.679	0.071	0.661	0.06	0.658	0.577	0.66	0.07	0.476	0.066	0.612	600
H	0.098	0.081	0.069	0.056	0.076	0.088	0.089	0.051	0.102	0.06	0.155	0.263	0.071	0.079	0.283	0.065	0.091	0.064	0.056	0.259	0.052	0.235	0.052	0.055	600
I	0.562	0.624	0.643	0.602	0.57	0.649	0.698	0.665	0.082	0.664	0.569	0.428	0.729	0.628	0.695	0.701	0.098	0.697	0.682	0.769	0.555	0.514	0.605	0.477	600
J	0.097	0.08	0.146	0.108	0.088	0.255	0.081	0.093	0.076	0.16	0.053	0.071	0.106	0.079	0.073	0.07	0.072	0.073	0.09	0.072	0.071	0.08	0.057	0.263	600
K	0.602	0.592	0.699	0.714	0.638	0.715	0.602	0.711	0.546	0.479	0.571	0.562	0.148	0.767	0.654	0.689	0.488	0.598	0.669	0.551	0.675	0.608	0.566	0.62	600
L	0.085	0.073	0.065	0.065	0.091	0.086	0.174	0.099	0.131	0.064	0.299	0.153	0.079	0.06	0.11	0.119	0.075	0.251	0.259	0.061	0.338	0.302	0.058	0.07	600
M	0.506	0.631	0.566	0.699	0.521	0.068	0.536	0.075	0.594	0.064	0.575	0.069	0.547	0.071	0.568	0.59	0.517	0.448	0.688	0.604	0.499	0.649	0.587	0.672	600
N	0.054	0.091	0.077	0.067	0.07	0.074	0.085	0.08	0.078	0.06	0.172	0.167	0.106	0.086	0.07	0.083	0.067	0.065	0.077	0.07	0.074	0.08	0.068	0.063	600
O	0.6	0.532	0.634	0.074	0.652	0.577	0.543	0.076	0.622	0.067	0.615	0.564	0.507	0.074	0.518	0.067	0.616	0.146	0.577	0.564	0.599	0.653	0.671	0.56	600
P	0.055	0.072	0.065	0.062	0.063	0.076	0.074	0.054	0.096	0.069	0.091	0.059	0.073	0.073	0.077	0.167	0.07	0.074	0.071	0.061	0.069	0.059	0.06	0.075	600