Procedure Summary																									
																									
Plate Type	384 WELL PLATE																								
Read	Read:  (A) 600																								
																									
600																									
	1	2	3	4	5	6	7	8	9	10	11	12	13	14	15	16	17	18	19	20	21	22	23	24	
A	0.625	0.156	0.714	0.668	0.569	0.664	0.671	0.804	0.688	0.677	0.765	0.707	0.559	0.121	0.095	0.056	0.578	0.245	0.637	0.175	0.644	0.212	0.74	0.704	600
B	0.609	0.591	0.715	0.538	0.055	0.523	0.694	0.623	0.614	0.563	0.714	0.716	0.049	0.631	0.666	0.675	0.549	0.632	0.642	0.664	0.623	0.671	0.573	0.667	600
C	0.584	0.566	0.542	0.053	0.412	0.057	0.587	0.627	0.614	0.053	0.645	0.051	0.419	0.662	0.556	0.05	0.661	0.06	0.584	0.653	0.627	0.05	0.672	0.316	600
D	0.439	0.05	0.57	0.579	0.055	0.056	0.543	0.636	0.613	0.516	0.721	0.681	0.632	0.599	0.67	0.672	0.452	0.048	0.598	0.655	0.644	0.614	0.685	0.667	600
E	0.562	0.604	0.499	0.051	0.548	0.586	0.513	0.609	0.672	0.676	0.048	0.158	0.054	0.619	0.615	0.05	0.668	0.723	0.716	0.746	0.765	0.048	0.589	0.148	600
F	0.513	0.516	0.519	0.512	0.059	0.499	0.436	0.559	0.56	0.653	0.538	0.62	0.563	0.438	0.684	0.541	0.627	0.536	0.571	0.556	0.531	0.512	0.565	0.6	600
G	0.496	0.48	0.542	0.541	0.534	0.548	0.427	0.054	0.543	0.608	0.059	0.051	0.503	0.712	0.448	0.05	0.655	0.556	0.525	0.547	0.065	0.538	0.618	0.404	600
H	0.495	0.527	0.454	0.473	0.594	0.495	0.401	0.048	0.657	0.637	0.583	0.66	0.055	0.518	0.633	0.539	0.572	0.631	0.658	0.705	0.631	0.05	0.513	0.054	600
I	0.523	0.673	0.566	0.614	0.54	0.468	0.455	0.683	0.619	0.582	0.585	0.054	0.048	0.054	0.584	0.052	0.628	0.618	0.077	0.765	0.102	0.658	0.591	0.552	600
J	0.068	0.551	0.646	0.722	0.573	0.471	0.07	0.562	0.509	0.711	0.607	0.581	0.584	0.56	0.046	0.578	0.602	0.656	0.708	0.048	0.677	0.644	0.639	0.753	600
K	0.373	0.594	0.655	0.568	0.558	0.622	0.571	0.725	0.494	0.615	0.605	0.051	0.637	0.61	0.053	0.694	0.05	0.057	0.051	0.565	0.054	0.589	0.715	0.052	600
L	0.458	0.465	0.534	0.506	0.447	0.585	0.518	0.542	0.5	0.603	0.657	0.58	0.586	0.054	0.464	0.551	0.548	0.571	0.646	0.051	0.521	0.64	0.565	0.507	600
M	0.071	0.594	0.418	0.648	0.054	0.615	0.506	0.629	0.049	0.544	0.67	0.618	0.52	0.057	0.624	0.715	0.054	0.6	0.65	0.586	0.662	0.649	0.051	0.752	600
N	0.456	0.077	0.524	0.56	0.484	0.486	0.587	0.52	0.468	0.552	0.56	0.543	0.389	0.459	0.496	0.544	0.588	0.627	0.559	0.648	0.619	0.574	0.081	0.706	600
O	0.426	0.429	0.059	0.612	0.049	0.531	0.059	0.614	0.052	0.589	0.525	0.545	0.458	0.53	0.468	0.476	0.478	0.535	0.052	0.421	0.597	0.548	0.05	0.052	600
P	0.429	0.45	0.404	0.45	0.445	0.363	0.434	0.361	0.356	0.503	0.458	0.356	0.467	0.466	0.487	0.552	0.408	0.427	0.482	0.516	0.403	0.495	0.511	0.59	600