Procedure Summary																									
																									
Plate Type	384 WELL PLATE																								
Read	Read:  (A) 600																								
																									
600																									
	1	2	3	4	5	6	7	8	9	10	11	12	13	14	15	16	17	18	19	20	21	22	23	24	
A	0.058	0.573	0.597	0.626	0.614	0.656	0.643	0.688	0.755	0.47	0.048	0.665	0.644	0.714	0.651	0.642	0.049	0.677	0.053	0.524	0.614	0.572	0.732	0.55	600
B	0.527	0.627	0.73	0.659	0.632	0.55	0.453	0.54	0.466	0.546	0.436	0.668	0.565	0.645	0.687	0.78	0.603	0.696	0.652	0.05	0.642	0.561	0.06	0.635	600
C	0.526	0.567	0.622	0.462	0.607	0.594	0.67	0.29	0.544	0.609	0.7	0.049	0.527	0.754	0.047	0.623	0.67	0.568	0.613	0.583	0.585	0.593	0.533	0.483	600
D	0.55	0.592	0.502	0.608	0.621	0.583	0.35	0.677	0.049	0.604	0.293	0.644	0.654	0.647	0.049	0.683	0.54	0.476	0.497	0.05	0.598	0.516	0.573	0.054	600
E	0.541	0.742	0.658	0.604	0.687	0.647	0.598	0.629	0.689	0.722	0.05	0.737	0.052	0.631	0.746	0.676	0.676	0.661	0.648	0.654	0.584	0.458	0.578	0.617	600
F	0.63	0.68	0.729	0.609	0.581	0.639	0.584	0.675	0.685	0.648	0.048	0.718	0.652	0.642	0.525	0.667	0.683	0.047	0.657	0.048	0.537	0.544	0.713	0.573	600
G	0.58	0.61	0.587	0.052	0.656	0.721	0.572	0.645	0.477	0.434	0.584	0.579	0.674	0.559	0.661	0.64	0.609	0.644	0.637	0.594	0.514	0.485	0.497	0.411	600
H	0.649	0.639	0.664	0.605	0.049	0.596	0.54	0.599	0.271	0.408	0.665	0.477	0.641	0.565	0.563	0.551	0.491	0.597	0.499	0.05	0.552	0.423	0.444	0.472	600
I	0.701	0.791	0.717	0.719	0.051	0.629	0.61	0.471	0.715	0.738	0.755	0.686	0.673	0.054	0.572	0.742	0.299	0.651	0.584	0.64	0.683	0.05	0.448	0.604	600
J	0.689	0.624	0.583	0.658	0.731	0.585	0.666	0.734	0.595	0.683	0.699	0.051	0.644	0.604	0.739	0.666	0.499	0.232	0.566	0.498	0.572	0.614	0.359	0.597	600
K	0.72	0.697	0.79	0.742	0.705	0.62	0.776	0.527	0.727	0.585	0.746	0.622	0.617	0.461	0.319	0.737	0.63	0.725	0.056	0.586	0.608	0.661	0.656	0.646	600
L	0.553	0.641	0.657	0.695	0.664	0.668	0.609	0.598	0.593	0.714	0.729	0.681	0.573	0.049	0.7	0.605	0.656	0.048	0.532	0.69	0.435	0.603	0.45	0.052	600
M	0.665	0.431	0.56	0.503	0.05	0.567	0.392	0.529	0.619	0.049	0.422	0.487	0.615	0.498	0.636	0.739	0.575	0.653	0.733	0.05	0.585	0.671	0.053	0.599	600
N	0.625	0.53	0.545	0.673	0.578	0.546	0.592	0.404	0.51	0.639	0.664	0.407	0.614	0.462	0.577	0.593	0.661	0.522	0.584	0.603	0.523	0.689	0.595	0.051	600
O	0.41	0.52	0.537	0.707	0.611	0.557	0.483	0.64	0.354	0.464	0.699	0.569	0.543	0.73	0.638	0.619	0.448	0.505	0.634	0.384	0.628	0.576	0.543	0.528	600
P	0.442	0.512	0.555	0.416	0.443	0.415	0.052	0.62	0.545	0.565	0.479	0.428	0.631	0.612	0.057	0.491	0.445	0.564	0.447	0.489	0.579	0.476	0.446	0.483	600