Procedure Summary																									
																									
Plate Type	384 WELL PLATE																								
Read	Read:  (A) 600																								
																									
600																									
	1	2	3	4	5	6	7	8	9	10	11	12	13	14	15	16	17	18	19	20	21	22	23	24	
A	0.122	0.546	0.565	0.457	0.463	0.567	0.272	0.59	0.658	0.713	0.063	0.413	0.694	0.553	0.1	0.661	0.145	0.227	0.049	0.674	0.61	0.549	0.558	0.497	600
B	0.537	0.602	0.601	0.697	0.591	0.644	0.67	0.574	0.544	0.628	0.086	0.587	0.704	0.528	0.554	0.692	0.59	0.693	0.771	0.375	0.506	0.582	0.049	0.475	600
C	0.594	0.581	0.57	0.271	0.575	0.534	0.601	0.588	0.506	0.678	0.606	0.067	0.52	0.496	0.049	0.594	0.479	0.482	0.453	0.584	0.447	0.453	0.67	0.459	600
D	0.61	0.567	0.56	0.584	0.567	0.608	0.648	0.525	0.066	0.537	0.665	0.6	0.458	0.692	0.049	0.494	0.584	0.448	0.641	0.05	0.614	0.619	0.635	0.05	600
E	0.503	0.559	0.596	0.514	0.481	0.659	0.604	0.67	0.569	0.584	0.053	0.555	0.049	0.66	0.508	0.464	0.487	0.549	0.61	0.538	0.575	0.446	0.612	0.507	600
F	0.492	0.581	0.62	0.565	0.573	0.6	0.541	0.476	0.418	0.687	0.193	0.617	0.601	0.47	0.509	0.528	0.615	0.238	0.706	0.051	0.438	0.467	0.519	0.6	600
G	0.555	0.495	0.384	0.05	0.508	0.565	0.59	0.59	0.07	0.43	0.44	0.548	0.503	0.547	0.429	0.42	0.494	0.603	0.563	0.561	0.482	0.474	0.451	0.628	600
H	0.641	0.431	0.542	0.573	0.05	0.534	0.663	0.519	0.487	0.548	0.473	0.46	0.575	0.455	0.379	0.457	0.5	0.619	0.55	0.098	0.555	0.424	0.46	0.106	600
I	0.459	0.503	0.618	0.06	0.077	0.456	0.643	0.052	0.552	0.567	0.559	0.687	0.5	0.086	0.515	0.463	0.521	0.589	0.543	0.597	0.491	0.162	0.626	0.62	600
J	0.495	0.533	0.594	0.734	0.476	0.371	0.571	0.56	0.618	0.675	0.564	0.067	0.523	0.507	0.435	0.686	0.599	0.55	0.609	0.05	0.477	0.567	0.238	0.484	600
K	0.406	0.069	0.651	0.731	0.547	0.588	0.599	0.536	0.622	0.509	0.541	0.461	0.637	0.672	0.464	0.535	0.667	0.49	0.05	0.444	0.713	0.433	0.495	0.493	600
L	0.625	0.383	0.566	0.621	0.655	0.627	0.552	0.491	0.636	0.528	0.55	0.602	0.324	0.196	0.519	0.452	0.541	0.05	0.523	0.047	0.47	0.466	0.422	0.172	600
M	0.129	0.607	0.338	0.594	0.051	0.528	0.45	0.678	0.676	0.049	0.583	0.559	0.407	0.585	0.705	0.585	0.482	0.541	0.474	0.052	0.424	0.513	0.051	0.493	600
N	0.459	0.669	0.614	0.65	0.651	0.479	0.439	0.577	0.697	0.36	0.483	0.563	0.484	0.643	0.573	0.478	0.541	0.455	0.466	0.68	0.535	0.474	0.522	0.355	600
O	0.438	0.415	0.514	0.459	0.503	0.337	0.553	0.366	0.702	0.585	0.067	0.597	0.528	0.602	0.68	0.397	0.725	0.605	0.506	0.54	0.506	0.471	0.441	0.582	600
P	0.366	0.407	0.501	0.478	0.508	0.41	0.052	0.504	0.417	0.443	0.663	0.386	0.454	0.374	0.114	0.464	0.514	0.107	0.45	0.608	0.38	0.507	0.463	0.538	600