Procedure Summary																									
																									
Plate Type	384 WELL PLATE																								
Read	Read:  (A) 600																								
																									
600																									
	1	2	3	4	5	6	7	8	9	10	11	12	13	14	15	16	17	18	19	20	21	22	23	24	
A	0.622	0.634	0.607	0.589	0.075	0.625	0.5	0.676	0.676	0.736	0.566	0.617	0.645	0.62	0.682	0.645	0.491	0.601	0.645	0.609	0.594	0.052	0.053	0.578	600
B	0.61	0.568	0.606	0.542	0.327	0.383	0.06	0.603	0.705	0.056	0.575	0.545	0.536	0.552	0.66	0.051	0.565	0.705	0.602	0.595	0.644	0.594	0.484	0.544	600
C	0.566	0.627	0.48	0.066	0.536	0.642	0.651	0.686	0.578	0.054	0.605	0.058	0.422	0.44	0.546	0.573	0.645	0.7	0.609	0.554	0.054	0.553	0.511	0.572	600
D	0.592	0.517	0.645	0.611	0.632	0.524	0.054	0.061	0.054	0.641	0.686	0.678	0.646	0.474	0.609	0.513	0.528	0.55	0.563	0.633	0.621	0.476	0.219	0.532	600
E	0.124	0.58	0.547	0.714	0.595	0.629	0.609	0.554	0.588	0.701	0.68	0.661	0.703	0.6	0.732	0.649	0.635	0.609	0.515	0.595	0.065	0.526	0.668	0.475	600
F	0.567	0.519	0.549	0.534	0.057	0.693	0.059	0.566	0.593	0.599	0.469	0.609	0.604	0.71	0.646	0.604	0.607	0.597	0.659	0.73	0.058	0.055	0.567	0.576	600
G	0.605	0.64	0.598	0.668	0.692	0.65	0.679	0.603	0.499	0.688	0.065	0.065	0.058	0.456	0.66	0.559	0.642	0.647	0.548	0.655	0.463	0.562	0.614	0.58	600
H	0.606	0.582	0.632	0.633	0.557	0.639	0.64	0.063	0.053	0.563	0.591	0.61	0.672	0.718	0.583	0.567	0.677	0.546	0.55	0.288	0.622	0.072	0.505	0.053	600
I	0.608	0.62	0.08	0.57	0.666	0.654	0.074	0.567	0.61	0.607	0.536	0.683	0.059	0.591	0.058	0.567	0.647	0.642	0.718	0.568	0.628	0.648	0.548	0.547	600
J	0.642	0.066	0.654	0.637	0.659	0.056	0.569	0.644	0.535	0.597	0.573	0.064	0.553	0.623	0.584	0.684	0.579	0.055	0.082	0.574	0.598	0.508	0.497	0.585	600
K	0.683	0.075	0.073	0.584	0.635	0.573	0.58	0.613	0.51	0.619	0.479	0.702	0.608	0.613	0.064	0.619	0.542	0.611	0.697	0.601	0.628	0.569	0.652	0.632	600
L	0.607	0.561	0.606	0.572	0.059	0.603	0.594	0.591	0.06	0.055	0.615	0.507	0.57	0.057	0.57	0.589	0.584	0.586	0.686	0.055	0.52	0.633	0.618	0.638	600
M	0.59	0.078	0.476	0.625	0.612	0.571	0.587	0.685	0.564	0.578	0.557	0.578	0.69	0.647	0.559	0.642	0.618	0.64	0.647	0.562	0.505	0.612	0.061	0.72	600
N	0.6	0.639	0.06	0.626	0.66	0.651	0.556	0.055	0.57	0.664	0.599	0.599	0.619	0.059	0.569	0.65	0.555	0.619	0.739	0.69	0.564	0.624	0.631	0.661	600
O	0.589	0.559	0.631	0.634	0.09	0.622	0.631	0.668	0.572	0.638	0.585	0.617	0.606	0.613	0.683	0.636	0.672	0.585	0.538	0.69	0.53	0.654	0.614	0.581	600
P	0.584	0.605	0.62	0.659	0.588	0.485	0.058	0.051	0.635	0.651	0.604	0.653	0.623	0.66	0.638	0.054	0.449	0.576	0.641	0.606	0.666	0.483	0.624	0.069	600