Procedure Summary																									
																									
Plate Type	384 WELL PLATE																								
Read	Read:  (A) 600																								
																									
600																									
	1	2	3	4	5	6	7	8	9	10	11	12	13	14	15	16	17	18	19	20	21	22	23	24	
A	0.509	0.1	0.625	0.574	0.526	0.418	0.497	0.618	0.592	0.541	0.617	0.653	0.55	0.232	0.273	0.52	0.652	0.057	0.567	0.052	0.521	0.055	0.562	0.579	600
B	0.569	0.51	0.494	0.605	0.068	0.634	0.639	0.591	0.545	0.656	0.63	0.673	0.244	0.526	0.543	0.668	0.592	0.398	0.629	0.6	0.636	0.568	0.487	0.479	600
C	0.578	0.553	0.662	0.056	0.612	0.062	0.616	0.729	0.649	0.087	0.486	0.058	0.501	0.721	0.604	0.067	0.6	0.054	0.589	0.605	0.486	0.153	0.399	0.552	600
D	0.51	0.057	0.572	0.722	0.07	0.081	0.677	0.668	0.692	0.552	0.709	0.679	0.51	0.608	0.528	0.554	0.546	0.053	0.647	0.625	0.582	0.534	0.396	0.457	600
E	0.453	0.644	0.626	0.058	0.624	0.595	0.569	0.698	0.593	0.636	0.085	0.073	0.048	0.599	0.672	0.082	0.678	0.542	0.404	0.487	0.684	0.063	0.518	0.137	600
F	0.434	0.532	0.558	0.558	0.071	0.631	0.514	0.518	0.645	0.575	0.626	0.722	0.666	0.705	0.658	0.443	0.626	0.606	0.516	0.546	0.486	0.502	0.703	0.53	600
G	0.534	0.673	0.473	0.505	0.612	0.533	0.646	0.076	0.514	0.607	0.085	0.068	0.594	0.662	0.588	0.101	0.576	0.718	0.609	0.658	0.31	0.507	0.593	0.663	600
H	0.51	0.599	0.575	0.553	0.67	0.66	0.774	0.055	0.698	0.05	0.639	0.711	0.086	0.648	0.737	0.612	0.529	0.636	0.593	0.675	0.646	0.052	0.462	0.088	600
I	0.574	0.62	0.623	0.605	0.657	0.595	0.634	0.654	0.537	0.607	0.557	0.258	0.052	0.062	0.65	0.07	0.603	0.668	0.096	0.751	0.062	0.589	0.521	0.5	600
J	0.11	0.676	0.681	0.736	0.53	0.599	0.095	0.672	0.645	0.71	0.548	0.572	0.483	0.595	0.05	0.627	0.59	0.65	0.565	0.053	0.596	0.582	0.559	0.659	600
K	0.469	0.608	0.687	0.623	0.626	0.678	0.66	0.646	0.62	0.641	0.509	0.246	0.546	0.704	0.06	0.743	0.058	0.062	0.064	0.619	0.072	0.689	0.42	0.572	600
L	0.628	0.534	0.634	0.583	0.563	0.621	0.65	0.672	0.603	0.57	0.742	0.74	0.608	0.055	0.602	0.684	0.643	0.627	0.759	0.053	0.648	0.762	0.595	0.498	600
M	0.086	0.677	0.481	0.603	0.059	0.538	0.616	0.57	0.063	0.63	0.72	0.532	0.84	0.059	0.673	0.642	0.083	0.754	0.71	0.598	0.595	0.518	0.072	0.685	600
N	0.407	0.161	0.71	0.664	0.604	0.727	0.438	0.637	0.69	0.634	0.641	0.692	0.564	0.556	0.651	0.662	0.54	0.59	0.673	0.676	0.564	0.676	0.053	0.674	600
O	0.563	0.307	0.057	0.617	0.162	0.506	0.174	0.662	0.071	0.704	0.633	0.547	0.541	0.68	0.615	0.532	0.709	0.649	0.061	0.612	0.555	0.519	0.071	0.064	600
P	0.497	0.497	0.619	0.551	0.412	0.508	0.592	0.634	0.508	0.435	0.496	0.537	0.51	0.497	0.477	0.639	0.545	0.624	0.521	0.512	0.548	0.537	0.566	0.567	600