Procedure Summary																									
																									
Plate Type	384 WELL PLATE																								
Read	Read:  (A) 600																								
																									
600																									
	1	2	3	4	5	6	7	8	9	10	11	12	13	14	15	16	17	18	19	20	21	22	23	24	
A	0.056	0.499	0.053	0.49	0.059	0.509	0.051	0.51	0.1	0.386	0.148	0.472	0.103	0.636	0.374	0.447	0.412	0.531	0.071	0.533	0.048	0.649	0.051	0.395	600
B	0.086	0.249	0.065	0.092	0.075	0.102	0.076	0.315	0.053	0.085	0.102	0.069	0.05	0.326	0.085	0.086	0.051	0.375	0.053	0.049	0.122	0.051	0.049	0.115	600
C	0.057	0.506	0.051	0.511	0.055	0.543	0.056	0.527	0.053	0.447	0.089	0.542	0.075	0.353	0.05	0.468	0.051	0.124	0.137	0.066	0.513	0.696	0.047	0.436	600
D	0.063	0.052	0.052	0.051	0.052	0.05	0.1	0.081	0.06	0.084	0.052	0.111	0.049	0.11	0.065	0.05	0.063	0.081	0.421	0.053	0.201	0.049	0.06	0.1	600
E	0.058	0.19	0.139	0.575	0.104	0.395	0.055	0.562	0.05	0.519	0.092	0.516	0.097	0.604	0.112	0.595	0.104	0.491	0.129	0.536	0.133	0.058	0.05	0.122	600
F	0.057	0.059	0.056	0.1	0.101	0.056	0.122	0.138	0.137	0.131	0.101	0.129	0.055	0.149	0.16	0.135	0.108	0.203	0.048	0.056	0.159	0.055	0.147	0.166	600
G	0.061	0.48	0.053	0.559	0.114	0.44	0.08	0.489	0.05	0.053	0.528	0.539	0.125	0.601	0.124	0.059	0.193	0.621	0.596	0.579	0.05	0.547	0.052	0.536	600
H	0.102	0.112	0.076	0.24	0.072	0.05	0.082	0.075	0.048	0.108	0.049	0.106	0.083	0.112	0.11	0.112	0.053	0.054	0.106	0.089	0.113	0.1	0.051	0.114	600
I	0.4	0.434	0.548	0.51	0.569	0.422	0.57	0.537	0.097	0.546	0.374	0.458	0.461	0.573	0.49	0.53	0.054	0.508	0.576	0.57	0.597	0.595	0.567	0.614	600
J	0.058	0.09	0.073	0.097	0.107	0.055	0.054	0.113	0.095	0.104	0.052	0.051	0.135	0.12	0.114	0.125	0.071	0.122	0.132	0.05	0.123	0.051	0.052	0.054	600
K	0.418	0.384	0.431	0.492	0.474	0.603	0.53	0.56	0.056	0.451	0.359	0.479	0.112	0.661	0.419	0.504	0.483	0.551	0.43	0.535	0.579	0.531	0.576	0.52	600
L	0.053	0.055	0.083	0.053	0.091	0.104	0.052	0.096	0.092	0.102	0.05	0.095	0.113	0.116	0.112	0.054	0.051	0.051	0.052	0.097	0.052	0.051	0.053	0.127	600
M	0.451	0.519	0.343	0.512	0.497	0.406	0.615	0.055	0.623	0.052	0.607	0.075	0.67	0.452	0.605	0.483	0.514	0.545	0.5	0.617	0.44	0.463	0.513	0.509	600
N	0.058	0.071	0.07	0.089	0.111	0.054	0.054	0.055	0.075	0.125	0.057	0.052	0.088	0.053	0.05	0.113	0.054	0.055	0.052	0.098	0.127	0.053	0.054	0.17	600
O	0.355	0.435	0.454	0.095	0.35	0.507	0.454	0.055	0.524	0.123	0.592	0.535	0.143	0.072	0.574	0.159	0.591	0.068	0.545	0.597	0.602	0.499	0.459	0.455	600
P	0.061	0.156	0.157	0.118	0.05	0.05	0.055	0.057	0.052	0.052	0.074	0.136	0.056	0.142	0.151	0.142	0.054	0.128	0.135	0.14	0.051	0.176	0.128	0.145	600