Procedure Summary																									
																									
Plate Type	384 WELL PLATE																								
Read	Read:  (A) 600																								
																									
600																									
	1	2	3	4	5	6	7	8	9	10	11	12	13	14	15	16	17	18	19	20	21	22	23	24	
A	0.548	0.085	0.722	0.673	0.593	0.535	0.528	0.618	0.644	0.617	0.626	0.701	0.435	0.061	0.073	0.077	0.698	0.083	0.587	0.062	0.478	0.059	0.533	0.578	600
B	0.476	0.586	0.544	0.634	0.05	0.546	0.539	0.48	0.545	0.61	0.566	0.636	0.05	0.532	0.567	0.498	0.451	0.436	0.463	0.455	0.606	0.569	0.582	0.566	600
C	0.617	0.567	0.594	0.051	0.418	0.052	0.515	0.525	0.556	0.051	0.554	0.049	0.562	0.571	0.54	0.048	0.6	0.052	0.537	0.573	0.452	0.095	0.413	0.29	600
D	0.486	0.052	0.532	0.559	0.052	0.052	0.521	0.524	0.479	0.074	0.349	0.574	0.523	0.515	0.534	0.567	0.521	0.099	0.522	0.443	0.602	0.626	0.437	0.642	600
E	0.484	0.555	0.603	0.054	0.503	0.504	0.513	0.491	0.581	0.591	0.05	0.049	0.049	0.629	0.479	0.05	0.548	0.574	0.607	0.55	0.616	0.049	0.629	0.059	600
F	0.363	0.403	0.497	0.51	0.051	0.634	0.444	0.51	0.524	0.551	0.56	0.56	0.454	0.568	0.574	0.572	0.612	0.588	0.585	0.641	0.65	0.512	0.647	0.614	600
G	0.42	0.39	0.511	0.625	0.531	0.431	0.499	0.049	0.441	0.49	0.05	0.05	0.538	0.635	0.45	0.051	0.473	0.607	0.599	0.548	0.065	0.587	0.565	0.611	600
H	0.524	0.5	0.545	0.558	0.515	0.451	0.112	0.064	0.463	0.533	0.412	0.523	0.05	0.569	0.34	0.541	0.434	0.616	0.566	0.558	0.641	0.049	0.642	0.053	600
I	0.469	0.508	0.491	0.601	0.561	0.362	0.432	0.513	0.496	0.572	0.39	0.049	0.053	0.05	0.437	0.048	0.562	0.552	0.051	0.568	0.049	0.599	0.559	0.581	600
J	0.2	0.595	0.596	0.538	0.433	0.402	0.052	0.515	0.398	0.607	0.574	0.42	0.522	0.604	0.05	0.619	0.636	0.591	0.599	0.05	0.586	0.609	0.574	0.637	600
K	0.434	0.597	0.447	0.485	0.396	0.608	0.512	0.543	0.438	0.497	0.376	0.051	0.517	0.602	0.049	0.431	0.05	0.049	0.049	0.501	0.05	0.526	0.052	0.439	600
L	0.574	0.495	0.64	0.435	0.489	0.584	0.518	0.457	0.573	0.589	0.425	0.517	0.602	0.049	0.05	0.444	0.479	0.442	0.547	0.05	0.446	0.642	0.421	0.582	600
M	0.057	0.491	0.297	0.482	0.05	0.556	0.678	0.454	0.051	0.348	0.619	0.42	0.596	0.051	0.573	0.602	0.053	0.637	0.431	0.45	0.476	0.464	0.052	0.565	600
N	0.421	0.052	0.526	0.507	0.521	0.459	0.43	0.423	0.589	0.306	0.567	0.405	0.671	0.642	0.503	0.269	0.478	0.532	0.473	0.579	0.503	0.593	0.051	0.508	600
O	0.504	0.692	0.051	0.503	0.051	0.495	0.051	0.468	0.057	0.586	0.573	0.557	0.527	0.581	0.47	0.581	0.625	0.62	0.053	0.522	0.338	0.465	0.053	0.055	600
P	0.401	0.528	0.61	0.64	0.41	0.424	0.318	0.661	0.433	0.502	0.581	0.5	0.47	0.633	0.423	0.69	0.665	0.64	0.442	0.532	0.357	0.413	0.355	0.512	600