Procedure Summary																									
																									
Plate Type	384 WELL PLATE																								
Read	Read:  (A) 600																								
																									
600																									
	1	2	3	4	5	6	7	8	9	10	11	12	13	14	15	16	17	18	19	20	21	22	23	24	
A	0.664	0.115	0.697	0.594	0.585	0.515	0.695	0.657	0.661	0.637	0.638	0.772	0.629	0.101	0.193	0.062	0.666	0.145	0.633	0.099	0.629	0.197	0.659	0.643	600
B	0.498	0.641	0.583	0.597	0.096	0.589	0.64	0.655	0.674	0.623	0.632	0.77	0.057	0.75	0.523	0.685	0.623	0.678	0.637	0.681	0.766	0.66	0.653	0.651	600
C	0.53	0.59	0.554	0.079	0.672	0.117	0.569	0.525	0.554	0.079	0.66	0.065	0.556	0.705	0.562	0.074	0.646	0.108	0.581	0.74	0.635	0.1	0.516	0.719	600
D	0.416	0.062	0.608	0.618	0.085	0.102	0.55	0.662	0.619	0.501	0.69	0.575	0.539	0.641	0.538	0.687	0.55	0.085	0.657	0.61	0.587	0.619	0.664	0.861	600
E	0.521	0.547	0.626	0.067	0.564	0.562	0.509	0.548	0.563	0.592	0.096	0.097	0.116	0.581	0.661	0.089	0.565	0.622	0.635	0.538	0.596	0.068	0.561	0.114	600
F	0.606	0.5	0.473	0.644	0.121	0.602	0.592	0.486	0.535	0.53	0.519	0.495	0.578	0.482	0.616	0.572	0.572	0.64	0.638	0.685	0.568	0.594	0.698	0.564	600
G	0.52	0.531	0.662	0.636	0.556	0.586	0.596	0.107	0.544	0.588	0.123	0.118	0.581	0.57	0.626	0.126	0.646	0.727	0.656	0.629	0.164	0.528	0.585	0.729	600
H	0.482	0.492	0.499	0.51	0.487	0.434	0.454	0.212	0.576	0.595	0.551	0.639	0.131	0.602	0.71	0.668	0.555	0.669	0.644	0.732	0.724	0.061	0.557	0.07	600
I	0.514	0.495	0.591	0.595	0.618	0.631	0.582	0.651	0.616	0.523	0.57	0.126	0.111	0.111	0.63	0.307	0.639	0.628	0.134	0.694	0.094	0.572	0.71	0.585	600
J	0.321	0.622	0.678	0.608	0.652	0.564	0.107	0.536	0.558	0.503	0.624	0.522	0.577	0.548	0.118	0.685	0.568	0.667	0.599	0.066	0.786	0.586	0.628	0.668	600
K	0.509	0.571	0.642	0.586	0.679	0.603	0.573	0.632	0.54	0.6	0.532	0.125	0.623	0.673	0.135	0.667	0.183	0.097	0.094	0.716	0.135	0.634	0.632	0.606	600
L	0.477	0.463	0.635	0.572	0.471	0.598	0.602	0.468	0.633	0.545	0.691	0.532	0.549	0.083	0.474	0.623	0.686	0.626	0.694	0.075	0.717	0.652	0.611	0.538	600
M	0.139	0.608	0.43	0.513	0.118	0.56	0.601	0.38	0.083	0.557	0.662	0.557	0.631	0.158	0.55	0.533	0.122	0.557	0.694	0.659	0.572	0.614	0.14	0.666	600
N	0.422	0.113	0.489	0.481	0.66	0.719	0.605	0.623	0.534	0.603	0.605	0.538	0.651	0.63	0.65	0.622	0.508	0.611	0.688	0.631	0.567	0.658	0.078	0.637	600
O	0.531	0.298	0.116	0.561	0.083	0.473	0.13	0.531	0.2	0.712	0.66	0.445	0.464	0.65	0.548	0.521	0.633	0.818	0.116	0.587	0.558	0.728	0.1	0.092	600
P	0.431	0.544	0.484	0.546	0.43	0.445	0.506	0.473	0.432	0.442	0.369	0.469	0.473	0.423	0.526	0.489	0.58	0.55	0.483	0.508	0.483	0.528	0.527	0.58	600