Procedure Summary																									
																									
Plate Type	384 WELL PLATE																								
Read	Read:  (A) 600																								
																									
600																									
	1	2	3	4	5	6	7	8	9	10	11	12	13	14	15	16	17	18	19	20	21	22	23	24	
A	0.533	0.08	0.546	0.663	0.747	0.74	0.553	0.716	0.629	0.608	0.653	0.679	0.66	0.051	0.05	0.583	0.6	0.134	0.656	0.062	0.691	0.048	0.634	0.618	600
B	0.552	0.623	0.593	0.599	0.05	0.574	0.752	0.584	0.455	0.642	0.584	0.451	0.048	0.604	0.573	0.514	0.641	0.576	0.599	0.582	0.531	0.623	0.615	0.668	600
C	0.584	0.531	0.558	0.125	0.574	0.067	0.497	0.714	0.475	0.05	0.568	0.051	0.497	0.504	0.639	0.046	0.59	0.058	0.711	0.651	0.571	0.058	0.71	0.349	600
D	0.49	0.052	0.634	0.554	0.085	0.055	0.482	0.559	0.647	0.535	0.603	0.61	0.613	0.598	0.457	0.647	0.54	0.046	0.604	0.525	0.636	0.599	0.636	0.606	600
E	0.558	0.567	0.597	0.057	0.57	0.671	0.56	0.664	0.577	0.652	0.051	0.05	0.048	0.612	0.564	0.091	0.535	0.621	0.629	0.604	0.609	0.081	0.621	0.142	600
F	0.532	0.584	0.512	0.506	0.052	0.638	0.472	0.561	0.552	0.504	0.584	0.628	0.684	0.516	0.56	0.608	0.622	0.587	0.717	0.644	0.536	0.547	0.605	0.646	600
G	0.592	0.524	0.566	0.507	0.589	0.665	0.487	0.05	0.594	0.608	0.049	0.049	0.658	0.688	0.653	0.046	0.492	0.486	0.618	0.628	0.053	0.548	0.669	0.674	600
H	0.6	0.584	0.651	0.53	0.417	0.549	0.55	0.052	0.497	0.599	0.569	0.561	0.052	0.567	0.55	0.654	0.595	0.608	0.598	0.588	0.596	0.05	0.583	0.053	600
I	0.448	0.527	0.52	0.532	0.585	0.583	0.55	0.637	0.551	0.517	0.545	0.051	0.05	0.051	0.647	0.05	0.578	0.705	0.065	0.635	0.051	0.582	0.591	0.595	600
J	0.111	0.615	0.622	0.531	0.416	0.503	0.062	0.695	0.542	0.577	0.499	0.537	0.601	0.482	0.05	0.522	0.545	0.541	0.658	0.053	0.613	0.629	0.491	0.701	600
K	0.563	0.498	0.513	0.639	0.476	0.43	0.415	0.563	0.588	0.504	0.52	0.059	0.543	0.567	0.049	0.536	0.05	0.05	0.057	0.606	0.049	0.63	0.645	0.656	600
L	0.535	0.555	0.433	0.616	0.598	0.623	0.611	0.413	0.479	0.511	0.495	0.663	0.415	0.051	0.405	0.487	0.516	0.485	0.573	0.055	0.56	0.597	0.522	0.61	600
M	0.068	0.548	0.47	0.571	0.049	0.529	0.473	0.512	0.055	0.659	0.415	0.619	0.595	0.048	0.548	0.63	0.049	0.613	0.722	0.556	0.487	0.471	0.051	0.538	600
N	0.521	0.076	0.629	0.519	0.589	0.536	0.551	0.393	0.624	0.566	0.582	0.617	0.511	0.601	0.667	0.57	0.573	0.57	0.541	0.637	0.559	0.583	0.051	0.609	600
O	0.474	0.371	0.05	0.515	0.049	0.444	0.119	0.645	0.061	0.387	0.616	0.414	0.539	0.533	0.629	0.632	0.479	0.525	0.055	0.491	0.522	0.572	0.055	0.061	600
P	0.345	0.333	0.382	0.371	0.321	0.338	0.474	0.498	0.476	0.549	0.342	0.43	0.616	0.601	0.601	0.6	0.538	0.466	0.527	0.589	0.526	0.464	0.502	0.549	600