Procedure Summary																									
																									
Plate Type	384 WELL PLATE																								
Read	Read:  (A) 600																								
																									
600																									
	1	2	3	4	5	6	7	8	9	10	11	12	13	14	15	16	17	18	19	20	21	22	23	24	
A	0.704	0.773	0.629	0.603	0.543	0.613	0.699	0.727	0.714	0.74	0.654	0.668	0.563	0.68	0.77	0.739	0.62	0.689	0.528	0.66	0.444	0.697	0.593	0.526	600
B	0.626	0.681	0.685	0.683	0.659	0.672	0.677	0.703	0.664	0.664	0.646	0.589	0.423	0.059	0.653	0.052	0.576	0.553	0.524	0.393	0.566	0.466	0.587	0.521	600
C	0.626	0.663	0.628	0.616	0.51	0.62	0.695	0.613	0.549	0.578	0.686	0.552	0.635	0.05	0.574	0.543	0.613	0.623	0.645	0.54	0.575	0.596	0.522	0.39	600
D	0.57	0.054	0.528	0.051	0.511	0.652	0.558	0.655	0.534	0.623	0.63	0.598	0.601	0.52	0.634	0.051	0.582	0.533	0.734	0.595	0.728	0.625	0.569	0.568	600
E	0.426	0.492	0.517	0.051	0.587	0.463	0.67	0.676	0.725	0.635	0.639	0.592	0.633	0.654	0.667	0.653	0.688	0.565	0.662	0.598	0.554	0.595	0.685	0.521	600
F	0.055	0.054	0.496	0.62	0.7	0.607	0.605	0.533	0.661	0.556	0.529	0.66	0.611	0.324	0.679	0.676	0.667	0.669	0.56	0.049	0.627	0.599	0.725	0.535	600
G	0.058	0.373	0.401	0.05	0.506	0.489	0.683	0.047	0.05	0.489	0.541	0.56	0.603	0.629	0.556	0.552	0.513	0.513	0.686	0.715	0.704	0.542	0.585	0.612	600
H	0.544	0.579	0.567	0.653	0.581	0.462	0.551	0.553	0.496	0.477	0.052	0.5	0.409	0.525	0.666	0.588	0.522	0.617	0.24	0.663	0.053	0.622	0.392	0.545	600
I	0.483	0.056	0.508	0.559	0.522	0.503	0.626	0.448	0.607	0.054	0.418	0.432	0.538	0.425	0.387	0.683	0.644	0.684	0.573	0.651	0.493	0.666	0.05	0.701	600
J	0.278	0.574	0.582	0.592	0.44	0.369	0.485	0.684	0.611	0.051	0.536	0.444	0.053	0.573	0.635	0.76	0.603	0.714	0.559	0.584	0.618	0.671	0.634	0.675	600
K	0.42	0.472	0.551	0.582	0.489	0.662	0.553	0.658	0.549	0.523	0.509	0.564	0.402	0.051	0.565	0.648	0.574	0.401	0.489	0.568	0.736	0.591	0.052	0.058	600
L	0.256	0.45	0.631	0.377	0.623	0.579	0.464	0.617	0.584	0.536	0.444	0.603	0.642	0.671	0.642	0.533	0.418	0.559	0.669	0.384	0.513	0.673	0.382	0.569	600
M	0.494	0.547	0.384	0.507	0.62	0.375	0.487	0.792	0.688	0.636	0.477	0.642	0.722	0.492	0.659	0.574	0.604	0.627	0.418	0.637	0.516	0.301	0.556	0.54	600
N	0.403	0.482	0.53	0.051	0.468	0.487	0.216	0.386	0.663	0.509	0.643	0.406	0.585	0.055	0.619	0.666	0.608	0.547	0.401	0.621	0.442	0.407	0.691	0.522	600
O	0.307	0.389	0.519	0.471	0.52	0.399	0.583	0.054	0.44	0.485	0.608	0.706	0.67	0.56	0.602	0.645	0.64	0.573	0.412	0.487	0.459	0.506	0.532	0.527	600
P	0.4	0.417	0.525	0.538	0.388	0.38	0.386	0.606	0.053	0.402	0.437	0.48	0.453	0.613	0.594	0.573	0.055	0.061	0.085	0.469	0.339	0.451	0.389	0.571	600