Procedure Summary																									
																									
Plate Type	384 WELL PLATE																								
Read	Read:  (A) 600																								
																									
600																									
	1	2	3	4	5	6	7	8	9	10	11	12	13	14	15	16	17	18	19	20	21	22	23	24	
A	0.124	0.581	0.284	0.523	0.197	0.665	0.133	0.499	0.104	0.688	0.058	0.708	0.058	0.555	0.134	0.508	0.602	0.662	0.128	0.641	0.08	0.498	0.638	0.504	600
B	0.105	0.098	0.127	0.113	0.148	0.121	0.107	0.096	0.102	0.086	0.09	0.186	0.051	0.334	0.091	0.07	0.062	0.071	0.181	0.222	0.305	0.122	0.367	0.067	600
C	0.115	0.508	0.175	0.59	0.097	0.668	0.104	0.471	0.116	0.676	0.103	0.679	0.064	0.611	0.072	0.47	0.282	0.435	0.096	0.501	0.555	0.48	0.647	0.473	600
D	0.089	0.104	0.118	0.06	0.08	0.089	0.113	0.063	0.06	0.055	0.064	0.096	0.061	0.09	0.069	0.071	0.07	0.054	0.083	0.074	0.079	0.073	0.072	0.082	600
E	0.091	0.109	0.123	0.634	0.122	0.485	0.074	0.512	0.104	0.563	0.102	0.488	0.073	0.554	0.671	0.581	0.079	0.594	0.111	0.525	0.334	0.632	0.086	0.428	600
F	0.112	0.085	0.075	0.111	0.095	0.087	0.125	0.071	0.079	0.055	0.067	0.2	0.091	0.244	0.076	0.057	0.067	0.057	0.075	0.094	0.076	0.067	0.199	0.063	600
G	0.113	0.616	0.126	0.639	0.066	0.687	0.148	0.646	0.087	0.684	0.579	0.498	0.097	0.448	0.093	0.096	0.065	0.653	0.58	0.639	0.118	0.662	0.076	0.662	600
H	0.119	0.077	0.12	0.069	0.071	0.105	0.265	0.066	0.091	0.056	0.115	0.105	0.067	0.317	0.059	0.065	0.076	0.069	0.322	0.303	0.073	0.317	0.077	0.071	600
I	0.618	0.638	0.572	0.583	0.518	0.611	0.521	0.558	0.114	0.498	0.546	0.641	0.619	0.401	0.348	0.68	0.104	0.57	0.699	0.686	0.553	0.483	0.38	0.543	600
J	0.119	0.098	0.092	0.101	0.101	0.097	0.096	0.088	0.086	0.229	0.093	0.071	0.075	0.091	0.081	0.078	0.064	0.057	0.066	0.062	0.071	0.073	0.082	0.191	600
K	0.542	0.675	0.777	0.676	0.654	0.073	0.53	0.655	0.667	0.74	0.472	0.724	0.061	0.685	0.632	0.638	0.596	0.626	0.672	0.438	0.674	0.559	0.66	0.616	600
L	0.115	0.093	0.273	0.062	0.118	0.08	0.114	0.1	0.08	0.075	0.214	0.271	0.066	0.068	0.085	0.076	0.075	0.252	0.065	0.069	0.108	0.063	0.072	0.085	600
M	0.482	0.612	0.533	0.535	0.582	0.088	0.646	0.089	0.594	0.061	0.567	0.088	0.694	0.084	0.613	0.556	0.656	0.631	0.559	0.544	0.551	0.526	0.518	0.586	600
N	0.119	0.114	0.115	0.124	0.221	0.095	0.079	0.065	0.072	0.083	0.057	0.083	0.07	0.09	0.082	0.084	0.07	0.081	0.077	0.066	0.054	0.075	0.063	0.201	600
O	0.555	0.536	0.621	0.092	0.483	0.545	0.594	0.126	0.664	0.065	0.694	0.602	0.607	0.32	0.721	0.076	0.701	0.204	0.542	0.558	0.501	0.572	0.491	0.516	600
P	0.073	0.086	0.098	0.229	0.086	0.09	0.073	0.086	0.073	0.07	0.075	0.057	0.08	0.073	0.069	0.152	0.084	0.075	0.073	0.076	0.061	0.059	0.061	0.081	600