Procedure Summary																									
																									
Plate Type	384 WELL PLATE																								
Read	Read:  (A) 600																								
																									
600																									
	1	2	3	4	5	6	7	8	9	10	11	12	13	14	15	16	17	18	19	20	21	22	23	24	
A	0.638	0.615	0.556	0.473	0.098	0.696	0.598	0.691	0.405	0.471	0.419	0.643	0.647	0.661	0.699	0.592	0.577	0.538	0.641	0.597	0.577	0.054	0.254	0.613	600
B	0.542	0.498	0.564	0.586	0.581	0.654	0.1	0.422	0.473	0.073	0.437	0.72	0.624	0.687	0.553	0.08	0.71	0.671	0.675	0.666	0.667	0.538	0.564	0.522	600
C	0.542	0.634	0.609	0.075	0.602	0.329	0.715	0.618	0.734	0.093	0.722	0.052	0.599	0.724	0.567	0.51	0.783	0.603	0.666	0.465	0.059	0.6	0.52	0.473	600
D	0.636	0.672	0.699	0.572	0.639	0.697	0.112	0.235	0.057	0.681	0.61	0.597	0.678	0.723	0.64	0.677	0.531	0.605	0.687	0.632	0.649	0.497	0.594	0.547	600
E	0.082	0.683	0.675	0.719	0.729	0.726	0.605	0.418	0.649	0.678	0.708	0.573	0.743	0.63	0.726	0.535	0.582	0.623	0.725	0.563	0.055	0.542	0.5	0.458	600
F	0.523	0.656	0.704	0.698	0.062	0.722	0.054	0.627	0.678	0.59	0.645	0.736	0.689	0.663	0.607	0.757	0.728	0.559	0.599	0.738	0.087	0.07	0.702	0.667	600
G	0.531	0.641	0.684	0.616	0.697	0.641	0.707	0.617	0.621	0.347	0.166	0.061	0.074	0.721	0.489	0.702	0.621	0.626	0.627	0.725	0.586	0.55	0.538	0.633	600
H	0.555	0.586	0.612	0.674	0.632	0.719	0.745	0.052	0.103	0.692	0.709	0.558	0.672	0.523	0.63	0.691	0.53	0.577	0.667	0.257	0.694	0.051	0.465	0.055	600
I	0.571	0.669	0.062	0.603	0.746	0.67	0.087	0.605	0.621	0.555	0.655	0.435	0.069	0.668	0.069	0.667	0.654	0.763	0.732	0.752	0.544	0.578	0.484	0.521	600
J	0.601	0.087	0.67	0.607	0.679	0.076	0.518	0.689	0.705	0.496	0.731	0.054	0.649	0.669	0.628	0.643	0.613	0.096	0.071	0.464	0.628	0.49	0.508	0.647	600
K	0.485	0.107	0.114	0.665	0.649	0.655	0.687	0.662	0.598	0.657	0.679	0.449	0.695	0.706	0.062	0.74	0.633	0.614	0.71	0.663	0.594	0.727	0.654	0.568	600
L	0.633	0.551	0.723	0.685	0.094	0.676	0.669	0.54	0.059	0.053	0.527	0.537	0.726	0.053	0.566	0.65	0.535	0.655	0.75	0.078	0.563	0.699	0.666	0.617	600
M	0.561	0.089	0.641	0.607	0.542	0.476	0.502	0.55	0.677	0.587	0.715	0.597	0.633	0.549	0.59	0.535	0.584	0.505	0.724	0.546	0.456	0.656	0.06	0.691	600
N	0.505	0.663	0.082	0.524	0.6	0.658	0.479	0.061	0.695	0.652	0.727	0.73	0.545	0.087	0.536	0.646	0.519	0.586	0.722	0.655	0.541	0.609	0.673	0.669	600
O	0.499	0.535	0.625	0.601	0.08	0.543	0.604	0.585	0.701	0.708	0.71	0.584	0.58	0.715	0.612	0.536	0.642	0.731	0.571	0.691	0.587	0.616	0.598	0.565	600
P	0.494	0.582	0.579	0.558	0.479	0.5	0.072	0.64	0.632	0.501	0.58	0.492	0.464	0.482	0.604	0.055	0.645	0.612	0.522	0.593	0.465	0.615	0.537	0.101	600