Procedure Summary																									
																									
Plate Type	384 WELL PLATE																								
Read	Read:  (A) 600																								
																									
600																									
	1	2	3	4	5	6	7	8	9	10	11	12	13	14	15	16	17	18	19	20	21	22	23	24	
A	0.059	0.493	0.054	0.548	0.054	0.482	0.052	0.421	0.054	0.594	0.051	0.041	0.059	0.474	0.051	0.547	0.049	0.553	0.05	0.517	0.061	0.609	0.089	0.538	600
B	0.051	0.059	0.056	0.054	0.053	0.051	0.053	0.052	0.053	0.071	0.049	0.049	0.05	0.052	0.05	0.05	0.05	0.051	0.082	0.051	0.06	0.05	0.051	0.103	600
C	0.052	0.475	0.053	0.523	0.053	0.513	0.051	0.56	0.056	0.558	0.05	0.468	0.052	0.436	0.05	0.513	0.05	0.396	0.052	0.473	0.369	0.397	0.115	0.374	600
D	0.054	0.056	0.052	0.052	0.052	0.052	0.051	0.051	0.05	0.049	0.051	0.05	0.05	0.049	0.049	0.051	0.049	0.2	0.051	0.083	0.068	0.053	0.054	0.052	600
E	0.062	0.388	0.051	0.597	0.052	0.55	0.05	0.617	0.049	0.482	0.05	0.604	0.052	0.669	0.051	0.533	0.05	0.522	0.048	0.433	0.05	0.41	0.051	0.449	600
F	0.061	0.058	0.054	0.055	0.051	0.051	0.051	0.049	0.05	0.05	0.052	0.05	0.049	0.051	0.225	0.05	0.049	0.056	0.05	0.049	0.05	0.049	0.053	0.054	600
G	0.06	0.433	0.053	0.554	0.053	0.462	0.05	0.54	0.051	0.497	0.463	0.549	0.051	0.611	0.052	0.051	0.05	0.429	0.502	0.484	0.05	0.537	0.059	0.486	600
H	0.059	0.055	0.054	0.053	0.054	0.05	0.051	0.05	0.049	0.242	0.073	0.054	0.051	0.051	0.05	0.049	0.05	0.05	0.05	0.05	0.414	0.051	0.082	0.067	600
I	0.348	0.546	0.573	0.621	0.547	0.493	0.511	0.489	0.051	0.723	0.511	0.618	0.459	0.437	0.426	0.563	0.05	0.5	0.492	0.428	0.563	0.481	0.493	0.519	600
J	0.058	0.052	0.052	0.051	0.065	0.055	0.052	0.078	0.051	0.05	0.051	0.046	0.052	0.049	0.049	0.05	0.05	0.048	0.051	0.054	0.051	0.051	0.051	0.078	600
K	0.39	0.598	0.422	0.436	0.538	0.654	0.43	0.457	0.559	0.529	0.425	0.463	0.053	0.597	0.473	0.474	0.539	0.507	0.506	0.392	0.543	0.455	0.531	0.528	600
L	0.087	0.054	0.054	0.051	0.051	0.049	0.051	0.051	0.052	0.051	0.049	0.051	0.053	0.051	0.044	0.049	0.049	0.052	0.05	0.051	0.052	0.055	0.053	0.073	600
M	0.433	0.54	0.32	0.507	0.379	0.366	0.411	0.051	0.614	0.049	0.551	0.05	0.499	0.572	0.551	0.439	0.543	0.578	0.389	0.496	0.455	0.464	0.434	0.496	600
N	0.058	0.054	0.051	0.053	0.053	0.052	0.053	0.051	0.056	0.072	0.061	0.054	0.058	0.053	0.051	0.051	0.21	0.053	0.051	0.05	0.051	0.052	0.052	0.135	600
O	0.398	0.435	0.404	0.051	0.73	0.426	0.363	0.07	0.483	0.071	0.614	0.498	0.6	0.054	0.61	0.054	0.621	0.051	0.513	0.448	0.505	0.429	0.4	0.402	600
P	0.059	0.071	0.056	0.051	0.053	0.059	0.054	0.076	0.051	0.079	0.058	0.057	0.05	0.054	0.09	0.055	0.052	0.057	0.104	0.056	0.148	0.169	0.057	0.117	600