Procedure Summary																									
																									
Plate Type	384 WELL PLATE																								
Read	Read:  (A) 600																								
																									
600																									
	1	2	3	4	5	6	7	8	9	10	11	12	13	14	15	16	17	18	19	20	21	22	23	24	
A	0.116	0.535	0.465	0.484	0.454	0.331	0.103	0.452	0.483	0.508	0.05	0.47	0.525	0.619	0.068	0.561	0.273	0.051	0.081	0.589	0.482	0.603	0.439	0.592	600
B	0.375	0.381	0.551	0.444	0.406	0.437	0.386	0.378	0.376	0.38	0.049	0.501	0.406	0.566	0.526	0.506	0.446	0.57	0.406	0.055	0.466	0.354	0.097	0.461	600
C	0.357	0.388	0.408	0.247	0.426	0.475	0.448	0.428	0.465	0.52	0.512	0.048	0.52	0.426	0.047	0.467	0.474	0.578	0.544	0.614	0.472	0.606	0.307	0.485	600
D	0.424	0.491	0.44	0.461	0.392	0.46	0.455	0.549	0.05	0.47	0.481	0.506	0.486	0.445	0.114	0.481	0.473	0.415	0.481	0.055	0.611	0.399	0.456	0.097	600
E	0.321	0.471	0.419	0.512	0.499	0.461	0.448	0.438	0.505	0.53	0.049	0.579	0.048	0.485	0.502	0.603	0.542	0.557	0.587	0.604	0.43	0.465	0.485	0.478	600
F	0.371	0.533	0.325	0.503	0.485	0.415	0.45	0.443	0.493	0.512	0.05	0.551	0.472	0.535	0.415	0.585	0.44	0.048	0.453	0.05	0.547	0.537	0.521	0.641	600
G	0.399	0.256	0.312	0.05	0.432	0.399	0.538	0.422	0.049	0.461	0.439	0.497	0.573	0.616	0.547	0.397	0.574	0.519	0.62	0.572	0.583	0.556	0.621	0.478	600
H	0.442	0.424	0.46	0.404	0.05	0.435	0.545	0.431	0.466	0.475	0.416	0.466	0.526	0.619	0.651	0.587	0.486	0.603	0.575	0.05	0.585	0.581	0.584	0.197	600
I	0.301	0.487	0.448	0.079	0.075	0.46	0.501	0.053	0.517	0.522	0.376	0.531	0.407	0.051	0.407	0.489	0.526	0.462	0.595	0.589	0.618	0.049	0.533	0.394	600
J	0.388	0.374	0.554	0.548	0.493	0.383	0.384	0.508	0.559	0.564	0.465	0.055	0.527	0.495	0.559	0.557	0.528	0.507	0.615	0.051	0.565	0.569	0.287	0.514	600
K	0.412	0.064	0.552	0.475	0.351	0.53	0.438	0.505	0.486	0.45	0.441	0.35	0.575	0.525	0.46	0.502	0.495	0.588	0.054	0.61	0.622	0.546	0.515	0.556	600
L	0.335	0.3	0.445	0.336	0.462	0.401	0.376	0.474	0.621	0.44	0.426	0.569	0.149	0.346	0.557	0.408	0.482	0.05	0.569	0.05	0.471	0.728	0.443	0.516	600
M	0.355	0.451	0.362	0.456	0.341	0.315	0.488	0.473	0.541	0.05	0.532	0.54	0.538	0.505	0.541	0.439	0.595	0.637	0.469	0.143	0.61	0.533	0.052	0.496	600
N	0.382	0.479	0.388	0.328	0.398	0.436	0.465	0.402	0.501	0.524	0.445	0.29	0.541	0.6	0.583	0.498	0.466	0.505	0.575	0.565	0.546	0.352	0.564	0.255	600
O	0.397	0.391	0.125	0.413	0.331	0.405	0.535	0.502	0.538	0.521	0.413	0.556	0.63	0.514	0.606	0.567	0.556	0.478	0.477	0.521	0.546	0.475	0.478	0.348	600
P	0.333	0.478	0.463	0.463	0.402	0.429	0.053	0.494	0.266	0.346	0.504	0.602	0.483	0.593	0.094	0.672	0.627	0.053	0.459	0.52	0.336	0.36	0.492	0.495	600