Procedure Summary																									
																									
Plate Type	384 WELL PLATE																								
Read	Read:  (A) 600																								
																									
600																									
	1	2	3	4	5	6	7	8	9	10	11	12	13	14	15	16	17	18	19	20	21	22	23	24	
A	0.066	0.596	0.629	0.683	0.374	0.572	0.077	0.586	0.686	0.687	0.061	0.541	0.683	0.513	0.102	0.689	0.359	0.348	0.351	0.611	0.521	0.669	0.725	0.284	600
B	0.562	0.562	0.482	0.575	0.602	0.698	0.586	0.547	0.681	0.691	0.076	0.643	0.661	0.632	0.592	0.662	0.526	0.707	0.67	0.078	0.577	0.619	0.072	0.4	600
C	0.602	0.628	0.647	0.411	0.541	0.058	0.615	0.564	0.626	0.534	0.468	0.059	0.66	0.589	0.051	0.749	0.572	0.632	0.578	0.657	0.592	0.566	0.516	0.399	600
D	0.529	0.589	0.558	0.44	0.588	0.549	0.431	0.553	0.054	0.629	0.602	0.553	0.462	0.452	0.047	0.625	0.521	0.546	0.538	0.068	0.585	0.58	0.655	0.125	600
E	0.512	0.54	0.549	0.512	0.57	0.552	0.497	0.59	0.562	0.424	0.051	0.534	0.051	0.648	0.679	0.658	0.573	0.632	0.695	0.668	0.641	0.502	0.52	0.533	600
F	0.558	0.674	0.497	0.504	0.605	0.469	0.532	0.448	0.387	0.626	0.05	0.556	0.574	0.576	0.645	0.699	0.502	0.05	0.623	0.052	0.506	0.635	0.523	0.533	600
G	0.458	0.622	0.477	0.053	0.534	0.63	0.414	0.519	0.155	0.518	0.636	0.51	0.719	0.553	0.692	0.598	0.644	0.436	0.541	0.643	0.656	0.461	0.518	0.603	600
H	0.609	0.571	0.505	0.449	0.055	0.484	0.566	0.601	0.487	0.488	0.487	0.683	0.7	0.549	0.895	0.555	0.587	0.555	0.568	0.062	0.601	0.528	0.629	0.092	600
I	0.408	0.601	0.707	0.081	0.056	0.646	0.651	0.415	0.607	0.746	0.565	0.542	0.578	0.053	0.529	0.64	0.582	0.526	0.659	0.671	0.684	0.074	0.566	0.641	600
J	0.509	0.576	0.538	0.658	0.589	0.459	0.648	0.557	0.59	0.56	0.561	0.052	0.591	0.631	0.504	0.652	0.504	0.515	0.641	0.062	0.641	0.617	0.647	0.551	600
K	0.396	0.056	0.62	0.571	0.513	0.502	0.578	0.569	0.572	0.613	0.539	0.634	0.553	0.55	0.744	0.5	0.636	0.497	0.061	0.684	0.598	0.526	0.487	0.524	600
L	0.405	0.426	0.6	0.402	0.541	0.511	0.488	0.615	0.713	0.599	0.493	0.632	0.067	0.32	0.567	0.569	0.496	0.062	0.531	0.107	0.621	0.571	0.658	0.526	600
M	0.356	0.496	0.541	0.58	0.052	0.494	0.56	0.491	0.503	0.053	0.531	0.622	0.517	0.526	0.47	0.604	0.555	0.543	0.608	0.062	0.547	0.506	0.076	0.381	600
N	0.449	0.443	0.523	0.549	0.536	0.46	0.551	0.554	0.726	0.543	0.558	0.637	0.675	0.514	0.487	0.666	0.603	0.643	0.666	0.488	0.613	0.582	0.519	0.092	600
O	0.442	0.391	0.447	0.54	0.53	0.429	0.55	0.447	0.665	0.592	0.155	0.537	0.517	0.463	0.5	0.583	0.529	0.568	0.644	0.546	0.614	0.496	0.558	0.384	600
P	0.39	0.475	0.429	0.468	0.43	0.456	0.053	0.578	0.447	0.465	0.457	0.546	0.511	0.654	0.06	0.529	0.491	0.067	0.416	0.475	0.462	0.411	0.519	0.453	600