Procedure Summary																									
																									
Plate Type	384 WELL PLATE																								
Read	Read:  (A) 600																								
																									
600																									
	1	2	3	4	5	6	7	8	9	10	11	12	13	14	15	16	17	18	19	20	21	22	23	24	
A	0.451	0.595	0.352	0.441	0.476	0.249	0.366	0.404	0.274	0.613	0.348	0.377	0.549	0.25	0.547	0.586	0.526	0.483	0.514	0.51	0.258	0.65	0.521	0.418	600
B	0.483	0.449	0.5	0.66	0.645	0.57	0.589	0.506	0.571	0.524	0.48	0.454	0.356	0.098	0.44	0.05	0.426	0.552	0.583	0.386	0.462	0.382	0.471	0.399	600
C	0.278	0.423	0.546	0.407	0.39	0.447	0.531	0.447	0.486	0.535	0.669	0.476	0.436	0.07	0.476	0.525	0.542	0.461	0.52	0.461	0.416	0.346	0.703	0.447	600
D	0.592	0.052	0.471	0.051	0.273	0.477	0.39	0.538	0.476	0.242	0.549	0.506	0.546	0.497	0.254	0.229	0.597	0.482	0.569	0.542	0.417	0.596	0.464	0.495	600
E	0.538	0.59	0.617	0.089	0.594	0.566	0.542	0.633	0.601	0.635	0.293	0.533	0.544	0.583	0.502	0.482	0.481	0.493	0.489	0.538	0.578	0.514	0.598	0.405	600
F	0.119	0.088	0.521	0.433	0.31	0.507	0.436	0.537	0.432	0.548	0.582	0.496	0.499	0.524	0.495	0.516	0.585	0.564	0.506	0.055	0.488	0.52	0.437	0.48	600
G	0.055	0.413	0.526	0.051	0.589	0.499	0.681	0.049	0.05	0.541	0.471	0.599	0.335	0.358	0.433	0.503	0.43	0.615	0.572	0.577	0.571	0.553	0.378	0.433	600
H	0.537	0.529	0.461	0.534	0.624	0.555	0.585	0.517	0.515	0.5	0.05	0.453	0.098	0.54	0.513	0.436	0.479	0.679	0.39	0.532	0.376	0.513	0.391	0.435	600
I	0.205	0.057	0.633	0.628	0.553	0.338	0.48	0.566	0.504	0.071	0.501	0.618	0.463	0.537	0.543	0.529	0.483	0.605	0.587	0.452	0.523	0.562	0.057	0.358	600
J	0.083	0.44	0.397	0.686	0.597	0.457	0.603	0.523	0.619	0.078	0.546	0.578	0.105	0.565	0.514	0.564	0.435	0.639	0.464	0.291	0.499	0.534	0.5	0.53	600
K	0.504	0.6	0.639	0.55	0.486	0.652	0.456	0.388	0.57	0.535	0.467	0.659	0.52	0.268	0.468	0.463	0.601	0.536	0.535	0.449	0.507	0.513	0.051	0.051	600
L	0.644	0.45	0.576	0.572	0.487	0.627	0.282	0.586	0.548	0.533	0.508	0.515	0.601	0.421	0.486	0.591	0.311	0.543	0.57	0.586	0.451	0.612	0.447	0.541	600
M	0.529	0.656	0.439	0.248	0.366	0.51	0.464	0.816	0.668	0.544	0.625	0.63	0.475	0.606	0.735	0.622	0.425	0.404	0.542	0.36	0.503	0.58	0.393	0.517	600
N	0.441	0.464	0.513	0.079	0.486	0.641	0.439	0.621	0.552	0.404	0.385	0.36	0.461	0.055	0.603	0.562	0.38	0.502	0.406	0.547	0.426	0.604	0.529	0.433	600
O	0.471	0.346	0.477	0.559	0.486	0.491	0.629	0.062	0.593	0.569	0.735	0.341	0.567	0.641	0.584	0.607	0.677	0.646	0.51	0.5	0.517	0.508	0.405	0.546	600
P	0.494	0.606	0.594	0.588	0.535	0.438	0.476	0.509	0.052	0.509	0.295	0.352	0.581	0.727	0.54	0.451	0.053	0.75	0.053	0.548	0.447	0.449	0.408	0.563	600