Procedure Summary																									
																									
Plate Type	384 WELL PLATE																								
Read	Read:  (A) 600																								
																									
600																									
	1	2	3	4	5	6	7	8	9	10	11	12	13	14	15	16	17	18	19	20	21	22	23	24	
A	0.443	0.407	0.436	0.385	0.445	0.439	0.512	0.531	0.561	0.554	0.558	0.634	0.523	0.641	0.64	0.434	0.565	0.59	0.508	0.543	0.482	0.45	0.343	0.456	600
B	0.401	0.413	0.6	0.512	0.432	0.575	0.488	0.617	0.603	0.045	0.626	0.044	0.644	0.069	0.419	0.126	0.456	0.615	0.407	0.527	0.59	0.451	0.465	0.474	600
C	0.505	0.478	0.569	0.059	0.456	0.565	0.597	0.551	0.68	0.63	0.687	0.683	0.522	0.043	1.228	0.551	0.729	0.552	0.044	0.571	0.6	0.441	0.458	0.484	600
D	0.422	0.054	0.469	0.131	0.411	0.57	0.569	0.792	0.541	0.672	0.589	0.556	0.572	0.48	0.552	0.651	0.501	0.556	0.549	0.479	0.565	0.597	0.613	0.523	600
E	0.434	0.464	0.477	0.054	0.523	0.536	0.483	0.636	0.404	0.624	0.448	0.605	0.598	0.608	0.594	0.639	0.566	0.666	0.586	0.615	0.601	0.577	0.422	0.499	600
F	0.461	0.063	0.438	0.479	0.447	0.563	0.437	0.443	0.687	0.611	0.045	0.041	0.35	0.044	0.668	0.703	0.715	0.699	0.508	0.332	0.527	0.523	0.616	0.533	600
G	0.524	0.483	0.478	0.062	0.593	0.529	0.534	0.284	0.305	0.439	0.651	0.492	0.594	0.507	0.616	0.717	0.575	0.696	0.701	0.711	0.57	0.457	0.44	0.591	600
H	0.401	0.422	0.518	0.506	0.514	0.503	0.656	0.546	0.666	0.622	0.342	0.493	0.499	0.579	0.682	0.672	0.469	0.639	0.563	0.662	0.054	0.571	0.48	0.495	600
I	0.456	0.081	0.536	0.53	0.567	0.525	0.51	0.579	0.527	0.452	0.443	0.549	0.578	0.601	0.545	0.492	0.663	0.707	0.324	0.528	0.677	0.532	0.055	0.47	600
J	0.567	0.491	0.607	0.601	0.555	0.414	0.51	0.505	0.505	0.546	0.722	0.331	0.309	0.588	0.528	0.455	0.68	0.632	0.634	0.45	0.656	0.505	0.549	0.706	600
K	0.437	0.556	0.576	0.532	0.604	0.576	0.36	0.542	0.515	0.417	0.472	0.723	0.566	0.125	0.564	0.68	0.46	0.664	0.603	0.558	0.611	0.539	0.057	0.499	600
L	0.478	0.386	0.589	0.482	0.488	0.593	0.484	0.596	0.429	0.477	0.675	0.541	0.997	0.436	0.507	0.601	0.461	0.671	0.592	0.596	0.622	0.633	0.659	0.548	600
M	0.453	0.582	0.445	0.463	0.456	0.358	0.57	0.44	0.533	0.423	0.433	0.53	0.619	0.549	0.31	0.609	0.571	0.614	0.629	0.576	0.502	0.655	0.577	0.604	600
N	0.3	0.462	0.554	0.074	0.514	0.604	0.459	0.482	0.619	0.617	0.535	0.678	0.141	0.047	0.526	0.503	0.48	0.529	0.655	0.599	0.588	0.655	0.539	0.576	600
O	0.407	0.418	0.524	0.465	0.585	0.355	0.573	0.075	0.61	0.667	0.601	0.479	0.48	0.707	0.49	0.447	0.654	0.65	0.513	0.527	0.091	0.433	0.51	0.38	600
P	0.447	0.457	0.5	0.408	0.383	0.42	0.457	0.617	0.081	0.357	0.42	0.389	0.433	0.411	0.509	0.58	0.614	0.627	0.053	0.458	0.404	0.482	0.33	0.545	600