Procedure Summary																									
																									
Plate Type	384 WELL PLATE																								
Read	Read:  (A) 600																								
																									
600																									
	1	2	3	4	5	6	7	8	9	10	11	12	13	14	15	16	17	18	19	20	21	22	23	24	
A	0.1	0.48	0.231	0.709	0.212	0.671	0.233	0.604	0.241	0.572	0.064	0.572	0.221	0.717	0.105	0.664	0.141	0.532	0.228	0.602	0.285	0.579	0.551	0.639	600
B	0.173	0.068	0.071	0.084	0.065	0.184	0.111	0.056	0.09	0.22	0.066	0.065	0.186	0.105	0.092	0.083	0.137	0.105	0.059	0.078	0.053	0.062	0.264	0.091	600
C	0.09	0.547	0.154	0.481	0.087	0.627	0.121	0.583	0.058	0.553	0.071	0.732	0.06	0.486	0.232	0.531	0.079	0.604	0.063	0.597	0.677	0.463	0.567	0.614	600
D	0.065	0.167	0.064	0.076	0.068	0.08	0.06	0.078	0.058	0.064	0.218	0.059	0.052	0.059	0.127	0.058	0.063	0.054	0.057	0.092	0.077	0.061	0.107	0.252	600
E	0.075	0.091	0.111	0.642	0.07	0.548	0.059	0.512	0.166	0.527	0.067	0.566	0.073	0.571	0.628	0.682	0.076	0.571	0.18	0.605	0.093	0.551	0.062	0.625	600
F	0.078	0.067	0.067	0.058	0.059	0.072	0.082	0.071	0.076	0.056	0.056	0.062	0.07	0.059	0.055	0.062	0.089	0.248	0.053	0.1	0.056	0.101	0.194	0.254	600
G	0.08	0.479	0.081	0.628	0.102	0.545	0.078	0.521	0.069	0.402	0.451	0.626	0.056	0.637	0.084	0.091	0.067	0.658	0.49	0.692	0.098	0.589	0.147	0.608	600
H	0.101	0.083	0.088	0.056	0.081	0.06	0.056	0.053	0.079	0.064	0.061	0.085	0.253	0.057	0.063	0.27	0.068	0.059	0.233	0.251	0.285	0.234	0.054	0.061	600
I	0.52	0.439	0.671	0.565	0.499	0.575	0.545	0.575	0.079	0.585	0.635	0.542	0.608	0.775	0.604	0.719	0.199	0.639	0.679	0.655	0.505	0.611	0.569	0.592	600
J	0.074	0.058	0.087	0.086	0.085	0.099	0.075	0.058	0.089	0.216	0.092	0.058	0.072	0.069	0.052	0.053	0.064	0.067	0.124	0.079	0.079	0.272	0.075	0.075	600
K	0.469	0.652	0.544	0.581	0.09	0.592	0.416	0.624	0.668	0.645	0.44	0.513	0.067	0.715	0.546	0.77	0.569	0.625	0.588	0.575	0.641	0.514	0.522	0.621	600
L	0.085	0.077	0.059	0.186	0.069	0.062	0.06	0.087	0.067	0.077	0.217	0.055	0.059	0.057	0.078	0.064	0.066	0.233	0.12	0.057	0.203	0.298	0.131	0.166	600
M	0.545	0.496	0.518	0.595	0.476	0.066	0.625	0.077	0.639	0.079	0.546	0.059	0.638	0.067	0.513	0.491	0.562	0.519	0.618	0.714	0.624	0.589	0.652	0.281	600
N	0.059	0.088	0.188	0.078	0.25	0.071	0.072	0.064	0.056	0.158	0.075	0.059	0.063	0.073	0.074	0.053	0.062	0.074	0.076	0.203	0.09	0.059	0.067	0.062	600
O	0.41	0.465	0.567	0.167	0.524	0.511	0.528	0.07	0.586	0.069	0.576	0.573	0.694	0.273	0.547	0.078	0.524	0.218	0.605	0.543	0.555	0.628	0.661	0.563	600
P	0.058	0.064	0.069	0.064	0.053	0.07	0.062	0.06	0.059	0.063	0.063	0.065	0.068	0.063	0.16	0.058	0.055	0.081	0.06	0.334	0.059	0.18	0.063	0.064	600