Procedure Summary																									
																									
Plate Type	384 WELL PLATE																								
Read	Read:  (A) 600																								
																									
600																									
	1	2	3	4	5	6	7	8	9	10	11	12	13	14	15	16	17	18	19	20	21	22	23	24	
A	0.61	0.249	0.632	0.759	0.746	0.57	0.643	0.734	0.626	0.551	0.663	0.632	0.655	0.052	0.057	0.175	0.696	0.053	0.661	0.054	0.491	0.384	0.517	0.708	600
B	0.673	0.703	0.594	0.648	0.074	0.655	0.719	0.647	0.602	0.602	0.514	0.634	0.05	0.659	0.589	0.602	0.676	0.516	0.456	0.581	0.585	0.491	0.434	0.489	600
C	0.546	0.568	0.621	0.053	0.68	0.051	0.731	0.638	0.6	0.054	0.674	0.049	0.53	0.592	0.68	0.104	0.728	0.051	0.558	0.687	0.542	0.073	0.62	0.515	600
D	0.576	0.053	0.648	0.645	0.053	0.052	0.468	0.641	0.582	0.476	0.359	0.623	0.641	0.634	0.475	0.625	0.661	0.052	0.71	0.534	0.598	0.443	0.591	0.46	600
E	0.67	0.697	0.589	0.053	0.533	0.587	0.689	0.629	0.627	0.684	0.053	0.051	0.051	0.643	0.487	0.08	0.588	0.621	0.575	0.504	0.65	0.065	0.592	0.301	600
F	0.556	0.674	0.673	0.631	0.052	0.614	0.663	0.657	0.609	0.712	0.603	0.637	0.709	0.623	0.658	0.577	0.623	0.512	0.597	0.569	0.486	0.483	0.57	0.503	600
G	0.651	0.631	0.607	0.624	0.646	0.656	0.553	0.051	0.573	0.619	0.164	0.049	0.592	0.596	0.656	0.051	0.46	0.645	0.591	0.539	0.106	0.452	0.521	0.416	600
H	0.681	0.673	0.591	0.59	0.609	0.714	0.734	0.059	0.615	0.791	0.664	0.671	0.05	0.546	0.723	0.431	0.534	0.669	0.626	0.621	0.613	0.314	0.597	0.412	600
I	0.615	0.689	0.739	0.618	0.725	0.723	0.617	0.592	0.654	0.706	0.624	0.052	0.049	0.329	0.606	0.08	0.602	0.67	0.209	0.572	0.055	0.59	0.553	0.512	600
J	0.157	0.734	0.696	0.732	0.63	0.697	0.061	0.561	0.655	0.67	0.683	0.707	0.694	0.704	0.054	0.576	0.713	0.627	0.584	0.069	0.585	0.6	0.561	0.557	600
K	0.587	0.711	0.703	0.653	0.669	0.692	0.419	0.613	0.635	0.067	0.533	0.052	0.49	0.658	0.134	0.762	0.053	0.075	0.066	0.548	0.052	0.725	0.076	0.09	600
L	0.652	0.536	0.71	0.588	0.532	0.542	0.765	0.663	0.667	0.65	0.641	0.623	0.689	0.123	0.607	0.473	0.527	0.655	0.646	0.052	0.547	0.599	0.527	0.495	600
M	0.059	0.498	0.472	0.626	0.07	0.602	0.748	0.63	0.051	0.602	0.535	0.653	0.805	0.057	0.824	0.533	0.084	0.565	0.563	0.498	0.637	0.496	0.134	0.456	600
N	0.676	0.055	0.779	0.758	0.652	0.717	0.491	0.614	0.678	0.59	0.612	0.637	0.629	0.671	0.67	0.245	0.501	0.612	0.542	0.601	0.493	0.476	0.151	0.491	600
O	0.644	0.78	0.073	0.678	0.056	0.605	0.053	0.579	0.055	0.474	0.652	0.714	0.771	0.626	0.677	0.601	0.719	0.625	0.053	0.532	0.537	0.553	0.099	0.054	600
P	0.602	0.669	0.564	0.693	0.545	0.506	0.47	0.693	0.65	0.523	0.742	0.527	0.55	0.666	0.607	0.532	0.653	0.668	0.379	0.538	0.363	0.337	0.468	0.483	600