Procedure Summary																									
																									
Plate Type	384 WELL PLATE																								
Read	Read:  (A) 600																								
																									
600																									
	1	2	3	4	5	6	7	8	9	10	11	12	13	14	15	16	17	18	19	20	21	22	23	24	
A	0.524	0.607	0.627	0.516	0.068	0.639	0.65	0.565	0.66	0.513	0.535	0.455	0.592	0.312	0.58	0.533	0.495	0.625	0.573	0.578	0.535	0.052	0.065	0.639	600
B	0.44	0.527	0.515	0.599	0.435	0.464	0.193	0.474	0.486	0.061	0.512	0.375	0.476	0.531	0.579	0.049	0.516	0.581	0.564	0.559	0.527	0.587	0.474	0.502	600
C	0.44	0.513	0.474	0.058	0.526	0.551	0.449	0.668	0.526	0.052	0.446	0.051	0.421	0.501	0.478	0.43	0.539	0.55	0.504	0.482	0.048	0.516	0.642	0.496	600
D	0.47	0.483	0.572	0.514	0.574	0.552	0.048	0.048	0.047	0.6	0.6	0.631	0.594	0.639	0.512	0.477	0.438	0.515	0.67	0.613	0.586	0.438	0.603	0.576	600
E	0.074	0.43	0.477	0.595	0.502	0.56	0.532	0.59	0.5	0.573	0.609	0.566	0.589	0.609	0.553	0.581	0.448	0.536	0.537	0.538	0.048	0.649	0.666	0.665	600
F	0.413	0.501	0.465	0.426	0.049	0.584	0.048	0.463	0.456	0.497	0.449	0.525	0.48	0.448	0.486	0.546	0.549	0.571	0.589	0.45	0.12	0.048	0.541	0.629	600
G	0.523	0.472	0.483	0.523	0.534	0.483	0.461	0.458	0.454	0.526	0.05	0.048	0.05	0.541	0.666	0.496	0.433	0.41	0.662	0.588	0.578	0.504	0.527	0.687	600
H	0.556	0.537	0.585	0.411	0.484	0.571	0.534	0.047	0.048	0.49	0.554	0.491	0.573	0.586	0.472	0.542	0.54	0.542	0.609	0.051	0.558	0.05	0.585	0.05	600
I	0.483	0.47	0.059	0.444	0.631	0.616	0.052	0.575	0.496	0.613	0.492	0.456	0.057	0.449	0.051	0.526	0.542	0.705	0.681	0.574	0.568	0.587	0.578	0.587	600
J	0.464	0.054	0.5	0.433	0.362	0.051	0.472	0.581	0.452	0.515	0.424	0.047	0.565	0.526	0.406	0.424	0.497	0.049	0.051	0.621	0.663	0.553	0.572	0.59	600
K	0.464	0.054	0.053	0.531	0.483	0.384	0.432	0.519	0.546	0.405	0.516	0.508	0.626	0.492	0.051	0.515	0.526	0.641	0.61	0.506	0.539	0.595	0.615	0.576	600
L	0.429	0.433	0.41	0.577	0.05	0.503	0.561	0.481	0.051	0.049	0.457	0.57	0.412	0.05	0.469	0.402	0.488	0.618	0.467	0.05	0.567	0.587	0.455	0.581	600
M	0.396	0.053	0.367	0.471	0.398	0.401	0.453	0.444	0.478	0.606	0.433	0.406	0.513	0.483	0.512	0.563	0.515	0.583	0.625	0.486	0.422	0.445	0.049	0.559	600
N	0.418	0.433	0.054	0.453	0.418	0.465	0.428	0.054	0.453	0.325	0.52	0.485	0.387	0.053	0.476	0.49	0.437	0.514	0.43	0.542	0.49	0.47	0.449	0.492	600
O	0.357	0.39	0.321	0.431	0.055	0.507	0.628	0.509	0.501	0.387	0.422	0.415	0.424	0.526	0.507	0.489	0.34	0.485	0.418	0.446	0.546	0.435	0.552	0.5	600
P	0.416	0.404	0.434	0.351	0.317	0.334	0.069	0.489	0.495	0.555	0.365	0.468	0.489	0.542	0.537	0.049	0.471	0.446	0.464	0.669	0.436	0.449	0.48	0.082	600