Procedure Summary																									
																									
Plate Type	384 WELL PLATE																								
Read	Read:  (A) 600																								
																									
600																									
	1	2	3	4	5	6	7	8	9	10	11	12	13	14	15	16	17	18	19	20	21	22	23	24	
A	0.077	0.611	0.064	0.556	0.092	0.692	0.083	0.694	0.06	0.635	0.068	0.648	0.059	0.512	0.12	0.56	0.067	0.49	0.106	0.527	0.12	0.41	0.502	0.594	600
B	0.086	0.129	0.054	0.056	0.089	0.057	0.068	0.051	0.062	0.081	0.052	0.178	0.049	0.05	0.065	0.093	0.054	0.111	0.052	0.054	0.047	0.05	0.058	0.054	600
C	0.056	0.577	0.062	0.467	0.053	0.652	0.084	0.522	0.058	0.544	0.045	0.527	0.056	0.519	0.049	0.471	0.087	0.586	0.051	0.53	0.491	0.529	0.404	0.404	600
D	0.057	0.051	0.057	0.05	0.055	0.055	0.06	0.069	0.046	0.053	0.1	0.068	0.097	0.09	0.06	0.064	0.048	0.049	0.05	0.051	0.051	0.056	0.057	0.062	600
E	0.071	0.071	0.073	0.498	0.136	0.522	0.051	0.735	0.065	0.634	0.063	0.684	0.051	0.587	0.581	0.59	0.048	0.589	0.054	0.533	0.172	0.324	0.055	0.378	600
F	0.064	0.052	0.051	0.055	0.055	0.099	0.058	0.052	0.05	0.056	0.065	0.05	0.067	0.051	0.05	0.093	0.048	0.048	0.048	0.048	0.048	0.06	0.053	0.049	600
G	0.063	0.527	0.055	0.541	0.05	0.655	0.046	0.638	0.063	0.598	0.681	0.594	0.07	0.651	0.053	0.314	0.052	0.471	0.59	0.494	0.052	0.51	0.059	0.579	600
H	0.072	0.059	0.065	0.051	0.05	0.059	0.054	0.048	0.066	0.051	0.061	0.053	0.064	0.074	0.058	0.049	0.052	0.056	0.055	0.048	0.055	0.05	0.092	0.064	600
I	0.68	0.477	0.579	0.429	0.564	0.526	0.619	0.611	0.091	0.562	0.75	0.358	0.609	0.563	0.509	0.534	0.05	0.597	0.461	0.535	0.056	0.555	0.566	0.363	600
J	0.073	0.061	0.06	0.085	0.054	0.051	0.071	0.061	0.059	0.057	0.054	0.052	0.08	0.049	0.049	0.048	0.05	0.07	0.051	0.047	0.169	0.085	0.102	0.219	600
K	0.632	0.648	0.486	0.615	0.583	0.5	0.566	0.52	0.563	0.692	0.723	0.602	0.05	0.559	0.536	0.54	0.526	0.595	0.636	0.656	0.571	0.51	0.431	0.442	600
L	0.055	0.057	0.134	0.048	0.059	0.05	0.051	0.125	0.106	0.059	0.044	0.148	0.053	0.049	0.058	0.05	0.051	0.047	0.091	0.054	0.051	0.054	0.055	0.065	600
M	0.717	0.538	0.534	0.507	0.566	0.05	0.536	0.059	0.631	0.05	0.044	0.14	0.669	0.054	0.443	0.483	0.514	0.539	0.532	0.537	0.43	0.346	0.462	0.459	600
N	0.052	0.055	0.062	0.061	0.054	0.046	0.05	0.048	0.105	0.047	0.05	0.137	0.056	0.053	0.054	0.053	0.071	0.051	0.064	0.061	0.06	0.054	0.201	0.062	600
O	0.56	0.592	0.608	0.053	0.563	0.656	0.553	0.049	0.598	0.051	0.708	0.516	0.444	0.081	0.59	0.053	0.535	0.137	0.593	0.446	0.506	0.517	0.478	0.453	600
P	0.067	0.054	0.069	0.051	0.052	0.052	0.051	0.06	0.055	0.053	0.057	0.05	0.055	0.055	0.058	0.053	0.06	0.051	0.051	0.05	0.051	0.059	0.056	0.057	600