Procedure Summary																									
																									
Plate Type	384 WELL PLATE																								
Read	Read:  (A) 600																								
																									
600																									
	1	2	3	4	5	6	7	8	9	10	11	12	13	14	15	16	17	18	19	20	21	22	23	24	
A	0.588	0.693	0.625	0.522	0.676	0.653	0.708	0.548	0.762	0.668	0.55	0.739	0.501	0.538	0.617	0.384	0.569	0.605	0.592	0.611	0.617	0.667	0.654	0.696	600
B	0.506	0.53	0.633	0.652	0.683	0.618	0.696	0.49	0.501	0.716	0.389	0.762	0.594	0.073	0.593	0.081	0.758	0.669	0.646	0.634	0.667	0.662	0.671	0.626	600
C	0.679	0.584	0.388	0.068	0.541	0.687	0.64	0.412	0.595	0.439	0.805	0.804	0.569	0.104	0.652	0.636	0.732	0.454	0.644	0.578	0.631	0.471	0.502	0.588	600
D	0.531	0.059	0.692	0.058	0.575	0.666	0.738	0.69	0.702	0.506	0.67	0.721	0.604	0.647	0.697	0.648	0.487	0.587	0.64	0.504	0.6	0.647	0.624	0.523	600
E	0.647	0.626	0.609	0.057	0.62	0.44	0.656	0.389	0.588	0.693	0.639	0.493	0.688	0.516	0.426	0.357	0.587	0.463	0.658	0.634	0.57	0.473	0.494	0.577	600
F	0.649	0.076	0.652	0.609	0.673	0.695	0.665	0.632	0.626	0.673	0.671	0.387	0.694	0.717	0.645	0.633	0.481	0.623	0.764	0.26	0.648	0.579	0.674	0.622	600
G	0.578	0.611	0.716	0.066	0.716	0.567	0.731	0.093	0.076	0.623	0.495	0.606	0.604	0.663	0.627	0.668	0.693	0.715	0.567	0.757	0.622	0.675	0.58	0.632	600
H	0.669	0.65	0.634	0.61	0.652	0.66	0.688	0.594	0.715	0.642	0.646	0.712	0.439	0.633	0.645	0.72	0.746	0.615	0.659	0.731	0.299	0.58	0.525	0.574	600
I	0.716	0.089	0.598	0.692	0.652	0.702	0.401	0.702	0.58	0.066	0.675	0.467	0.821	0.454	0.395	0.738	0.534	0.625	0.381	0.666	0.652	0.598	0.265	0.578	600
J	0.686	0.682	0.716	0.726	0.717	0.638	0.459	0.714	0.626	0.059	0.583	0.6	0.134	0.539	0.414	0.618	0.595	0.606	0.633	0.637	0.538	0.571	0.509	0.754	600
K	0.676	0.624	0.705	0.732	0.726	0.706	0.667	0.749	0.671	0.694	0.658	0.731	0.576	0.069	0.597	0.527	0.473	0.715	0.618	0.47	0.68	0.607	0.087	0.056	600
L	0.696	0.629	0.697	0.607	0.672	0.508	0.583	0.662	0.685	0.619	0.883	0.587	0.648	0.644	0.641	0.705	0.646	0.736	0.753	0.592	0.64	0.609	0.706	0.652	600
M	0.7	0.655	0.556	0.68	0.709	0.609	0.655	0.621	0.512	0.629	0.465	0.646	0.73	0.701	0.609	0.648	0.538	0.488	0.751	0.649	0.668	0.614	0.651	0.741	600
N	0.581	0.713	0.645	0.105	0.721	0.687	0.548	0.688	0.693	0.457	0.544	0.524	0.648	0.085	0.658	0.657	0.608	0.724	0.412	0.411	0.571	0.631	0.636	0.71	600
O	0.563	0.558	0.72	0.705	0.511	0.663	0.667	0.073	0.436	0.487	0.754	0.632	0.668	0.771	0.52	0.735	0.668	0.709	0.673	0.627	0.066	0.65	0.592	0.578	600
P	0.577	0.671	0.679	0.602	0.573	0.674	0.647	0.711	0.061	0.627	0.546	0.597	0.702	0.679	0.704	0.684	0.595	0.707	0.061	0.627	0.672	0.552	0.662	0.594	600