Procedure Summary																									
																									
Plate Type	384 WELL PLATE																								
Read	Read:  (A) 600																								
																									
600																									
	1	2	3	4	5	6	7	8	9	10	11	12	13	14	15	16	17	18	19	20	21	22	23	24	
A	0.587	0.608	0.646	0.655	0.504	0.646	0.621	0.578	0.612	0.55	0.453	0.545	0.549	0.546	0.471	0.43	0.481	0.589	0.519	0.567	0.395	0.531	0.56	0.497	600
B	0.583	0.582	0.613	0.512	0.536	0.481	0.585	0.464	0.453	0.629	0.537	0.451	0.43	0.049	0.602	0.045	0.472	0.621	0.502	0.489	0.454	0.608	0.499	0.521	600
C	0.572	0.618	0.591	0.055	0.583	0.555	0.459	0.6	0.512	0.433	0.525	0.515	0.496	0.05	0.536	0.45	0.583	0.519	0.685	0.575	0.504	0.425	0.521	0.442	600
D	0.492	0.051	0.446	0.052	0.572	0.564	0.519	0.566	0.54	0.586	0.497	0.574	0.435	0.617	0.446	0.476	0.553	0.449	0.564	0.636	0.524	0.587	0.574	0.494	600
E	0.461	0.433	0.514	0.076	0.455	0.597	0.526	0.522	0.609	0.503	0.56	0.469	0.535	0.481	0.616	0.595	0.451	0.565	0.566	0.531	0.557	0.588	0.605	0.595	600
F	0.473	0.05	0.441	0.439	0.486	0.537	0.577	0.557	0.572	0.549	0.569	0.571	0.501	0.511	0.489	0.481	0.496	0.556	0.536	0.046	0.556	0.605	0.471	0.512	600
G	0.597	0.572	0.504	0.05	0.568	0.617	0.471	0.049	0.051	0.558	0.563	0.492	0.571	0.616	0.604	0.535	0.469	0.469	0.714	0.485	0.558	0.496	0.524	0.489	600
H	0.62	0.649	0.568	0.46	0.505	0.543	0.559	0.555	0.486	0.557	0.61	0.512	0.397	0.537	0.568	0.586	0.552	0.585	0.485	0.521	0.047	0.526	0.517	0.54	600
I	0.523	0.073	0.432	0.556	0.584	0.588	0.464	0.608	0.495	0.054	0.544	0.469	0.506	0.482	0.585	0.608	0.564	0.559	0.57	0.521	0.507	0.508	0.051	0.521	600
J	0.52	0.57	0.586	0.522	0.434	0.544	0.52	0.574	0.569	0.059	0.617	0.549	0.134	0.514	0.455	0.497	0.494	0.466	0.506	0.51	0.412	0.606	0.578	0.49	600
K	0.587	0.484	0.597	0.433	0.51	0.444	0.538	0.503	0.526	0.531	0.506	0.57	0.49	0.052	0.567	0.571	0.482	0.581	0.617	0.518	0.518	0.557	0.054	0.536	600
L	0.538	0.513	0.467	0.557	0.571	0.451	0.57	0.42	0.549	0.533	0.433	0.542	0.423	0.487	0.468	0.5	0.477	0.515	0.452	0.452	0.495	0.525	0.472	0.503	600
M	0.513	0.58	0.461	0.518	0.454	0.414	0.466	0.392	0.564	0.293	0.516	0.481	0.662	0.492	0.476	0.595	0.467	0.543	0.527	0.515	0.484	0.446	0.502	0.515	600
N	0.556	0.464	0.581	0.05	0.535	0.539	0.537	0.453	0.485	0.461	0.473	0.538	0.534	0.152	0.535	0.622	0.565	0.546	0.48	0.604	0.499	0.553	0.464	0.478	600
O	0.495	0.517	0.523	0.533	0.527	0.521	0.604	0.079	0.551	0.561	0.493	0.497	0.571	0.582	0.572	0.544	0.512	0.555	0.506	0.443	0.05	0.537	0.544	0.488	600
P	0.344	0.474	0.497	0.529	0.459	0.485	0.595	0.495	0.057	0.578	0.335	0.534	0.619	0.585	0.58	0.59	0.531	0.507	0.05	0.536	0.529	0.57	0.545	0.565	600