Procedure Summary																									
																									
Plate Type	384 WELL PLATE																								
Read	Read:  (A) 600																								
																									
600																									
	1	2	3	4	5	6	7	8	9	10	11	12	13	14	15	16	17	18	19	20	21	22	23	24	
A	0.624	0.653	0.623	0.518	0.202	0.647	0.414	0.465	0.681	0.791	0.702	0.69	0.576	0.566	0.758	0.497	0.573	0.58	0.585	0.524	0.598	0.246	0.086	0.565	600
B	0.579	0.561	0.596	0.604	0.626	0.694	0.084	0.339	0.62	0.213	0.69	0.74	0.633	0.499	0.55	0.082	0.495	0.528	0.593	0.627	0.719	0.641	0.604	0.47	600
C	0.611	0.428	0.587	0.054	0.303	0.615	0.507	0.648	0.512	0.054	0.718	0.227	0.5	0.601	0.621	0.662	0.554	0.576	0.477	0.756	0.053	0.621	0.555	0.489	600
D	0.681	0.636	0.678	0.61	0.426	0.659	0.184	0.06	0.054	0.424	0.711	0.777	0.643	0.578	0.553	0.547	0.464	0.66	0.56	0.671	0.613	0.381	0.468	0.48	600
E	0.077	0.562	0.506	0.637	0.684	0.48	0.581	0.575	0.576	0.61	0.675	0.52	0.595	0.564	0.692	0.61	0.508	0.591	0.715	0.578	0.066	0.464	0.604	0.473	600
F	0.671	0.607	0.671	0.591	0.066	0.675	0.085	0.614	0.55	0.603	0.622	0.606	0.705	0.743	0.646	0.535	0.614	0.508	0.64	0.532	0.055	0.078	0.62	0.613	600
G	0.521	0.671	0.655	0.688	0.698	0.673	0.692	0.627	0.47	0.539	0.101	0.274	0.058	0.498	0.667	0.516	0.578	0.701	0.613	0.646	0.556	0.641	0.51	0.632	600
H	0.655	0.626	0.599	0.637	0.663	0.652	0.738	0.06	0.091	0.668	0.545	0.691	0.681	0.704	0.567	0.594	0.637	0.464	0.676	0.308	0.663	0.059	0.551	0.062	600
I	0.718	0.713	0.064	0.576	0.694	0.697	0.096	0.648	0.566	0.687	0.625	0.664	0.059	0.744	0.061	0.67	0.647	0.489	0.654	0.664	0.64	0.279	0.619	0.55	600
J	0.685	0.056	0.656	0.566	0.681	0.085	0.621	0.725	0.554	0.74	0.589	0.056	0.588	0.456	0.587	0.285	0.561	0.147	0.165	0.558	0.508	0.686	0.55	0.703	600
K	0.668	0.204	0.133	0.689	0.739	0.706	0.535	0.727	0.642	0.704	0.357	0.613	0.608	0.754	0.059	0.632	0.686	0.535	0.716	0.59	0.517	0.551	0.603	0.406	600
L	0.632	0.625	0.583	0.659	0.078	0.689	0.589	0.662	0.074	0.054	0.633	0.606	0.521	0.054	0.588	0.581	0.519	0.59	0.622	0.09	0.655	0.664	0.677	0.737	600
M	0.663	0.088	0.477	0.688	0.628	0.564	0.733	0.704	0.485	0.579	0.748	0.5	0.826	0.603	0.519	0.575	0.652	0.511	0.484	0.694	0.566	0.589	0.055	0.659	600
N	0.633	0.547	0.191	0.559	0.595	0.71	0.69	0.083	0.61	0.736	0.716	0.652	0.563	0.077	0.55	0.649	0.476	0.665	0.709	0.654	0.512	0.577	0.691	0.726	600
O	0.615	0.483	0.691	0.703	0.072	0.559	0.599	0.671	0.709	0.716	0.614	0.641	0.647	0.672	0.737	0.631	0.687	0.676	0.544	0.725	0.566	0.587	0.678	0.478	600
P	0.615	0.588	0.543	0.741	0.548	0.537	0.06	0.627	0.726	0.683	0.571	0.559	0.669	0.682	0.498	0.079	0.637	0.523	0.718	0.714	0.622	0.529	0.651	0.268	600