Procedure Summary																									
																									
Plate Type	384 WELL PLATE																								
Read	Read:  (A) 600																								
																									
600																									
	1	2	3	4	5	6	7	8	9	10	11	12	13	14	15	16	17	18	19	20	21	22	23	24	
A	0.05	0.438	0.051	0.43	0.051	0.46	0.05	0.392	0.152	0.58	0.104	0.738	0.274	0.446	0.06	0.612	0.144	0.543	0.05	0.621	0.05	0.539	0.049	0.504	600
B	0.055	0.05	0.053	0.054	0.054	0.053	0.05	0.05	0.051	0.058	0.06	0.059	0.049	0.051	0.05	0.051	0.049	0.065	0.049	0.329	0.197	0.268	0.049	0.152	600
C	0.058	0.446	0.053	0.479	0.057	0.486	0.051	0.386	0.052	0.502	0.054	0.534	0.049	0.462	0.048	0.517	0.051	0.503	0.052	0.532	0.507	0.381	0.069	0.444	600
D	0.051	0.051	0.051	0.051	0.053	0.053	0.05	0.064	0.051	0.051	0.05	0.061	0.049	0.049	0.05	0.112	0.049	0.076	0.108	0.053	0.087	0.066	0.059	0.053	600
E	0.076	0.051	0.06	0.462	0.054	0.472	0.051	0.449	0.051	0.585	0.052	0.508	0.072	0.601	0.089	0.495	0.07	0.467	0.051	0.408	0.049	0.455	0.054	0.444	600
F	0.064	0.052	0.051	0.062	0.052	0.075	0.051	0.05	0.054	0.05	0.049	0.052	0.055	0.091	0.125	0.085	0.048	0.13	0.049	0.051	0.053	0.053	0.121	0.263	600
G	0.06	0.446	0.191	0.607	0.054	0.507	0.048	0.514	0.048	0.47	0.389	0.495	0.07	0.475	0.048	0.053	0.113	0.518	0.416	0.458	0.051	0.431	0.113	0.447	600
H	0.057	0.051	0.069	0.062	0.049	0.05	0.051	0.064	0.049	0.058	0.054	0.067	0.079	0.054	0.077	0.063	0.053	0.049	0.05	0.141	0.053	0.065	0.053	0.127	600
I	0.459	0.486	0.599	0.639	0.53	0.505	0.666	0.525	0.05	0.549	0.521	0.545	0.441	0.509	0.432	0.492	0.051	0.565	0.443	0.553	0.384	0.542	0.377	0.64	600
J	0.058	0.059	0.05	0.051	0.064	0.051	0.052	0.068	0.051	0.048	0.048	0.062	0.055	0.049	0.052	0.05	0.051	0.049	0.05	0.063	0.051	0.054	0.052	0.114	600
K	0.174	0.636	0.555	0.467	0.466	0.623	0.38	0.47	0.549	0.488	0.54	0.57	0.056	0.679	0.518	0.561	0.578	0.422	0.415	0.412	0.513	0.409	0.463	0.495	600
L	0.054	0.061	0.062	0.053	0.05	0.049	0.051	0.078	0.049	0.075	0.05	0.112	0.072	0.055	0.068	0.051	0.049	0.049	0.05	0.05	0.077	0.052	0.051	0.103	600
M	0.6	0.542	0.392	0.336	0.476	0.345	0.444	0.051	0.554	0.049	0.45	0.047	0.522	0.532	0.539	0.461	0.405	0.376	0.28	0.488	0.46	0.393	0.381	0.489	600
N	0.052	0.052	0.05	0.05	0.05	0.053	0.053	0.053	0.05	0.057	0.08	0.049	0.068	0.05	0.05	0.065	0.051	0.064	0.073	0.051	0.085	0.054	0.051	0.086	600
O	0.451	0.364	0.333	0.071	0.455	0.417	0.534	0.09	0.621	0.106	0.661	0.475	0.526	0.059	0.572	0.052	0.556	0.065	0.489	0.448	0.372	0.483	0.437	0.497	600
P	0.055	0.076	0.091	0.234	0.051	0.052	0.053	0.257	0.052	0.052	0.099	0.052	0.055	0.287	0.249	0.239	0.053	0.053	0.128	0.118	0.052	0.188	0.116	0.062	600