Procedure Summary																									
																									
Plate Type	384 WELL PLATE																								
Read	Read:  (A) 600																								
																									
600																									
	1	2	3	4	5	6	7	8	9	10	11	12	13	14	15	16	17	18	19	20	21	22	23	24	
A	0.551	0.499	0.545	0.473	0.056	0.581	0.537	0.493	0.455	0.53	0.549	0.562	0.663	0.499	0.603	0.677	0.583	0.631	0.598	0.626	0.53	0.565	0.051	0.695	600
B	0.528	0.436	0.544	0.504	0.597	0.579	0.052	0.554	0.52	0.091	0.561	0.596	0.592	0.614	0.633	0.273	0.593	0.713	0.56	0.751	0.517	0.604	0.449	0.496	600
C	0.454	0.449	0.584	0.066	0.494	0.583	0.475	0.461	0.569	0.446	0.659	0.052	0.546	0.53	0.574	0.563	0.529	0.534	0.641	0.595	0.07	0.457	0.763	0.495	600
D	0.612	0.518	0.602	0.586	0.572	0.575	0.053	0.14	0.054	0.533	0.674	0.562	0.577	0.552	0.481	0.534	0.604	0.497	0.643	0.493	0.62	0.501	0.625	0.499	600
E	0.125	0.444	0.541	0.359	0.494	0.586	0.589	0.6	0.595	0.556	0.525	0.611	0.668	0.618	0.486	0.481	0.524	0.519	0.513	0.5	0.06	0.53	0.599	0.406	600
F	0.498	0.42	0.573	0.593	0.057	0.583	0.194	0.632	0.544	0.601	0.558	0.596	0.594	0.556	0.535	0.473	0.662	0.599	0.592	0.524	0.059	0.099	0.588	0.581	600
G	0.463	0.074	0.513	0.583	0.487	0.557	0.558	0.613	0.54	0.537	0.154	0.662	0.489	0.508	0.607	0.478	0.466	0.585	0.61	0.628	0.597	0.511	0.496	0.444	600
H	0.388	0.556	0.455	0.605	0.625	0.563	0.53	0.304	0.277	0.496	0.564	0.505	0.633	0.576	0.565	0.534	0.543	0.659	0.579	0.108	0.645	0.053	0.556	0.157	600
I	0.433	0.58	0.071	0.566	0.528	0.492	0.059	0.572	0.613	0.587	0.547	0.542	0.577	0.482	0.07	0.587	0.41	0.581	0.549	0.493	0.561	0.434	0.425	0.447	600
J	0.478	0.058	0.375	0.505	0.572	0.053	0.607	0.581	0.573	0.751	0.568	0.051	0.528	0.596	0.536	0.613	0.661	0.316	0.076	0.52	0.496	0.612	0.482	0.457	600
K	0.356	0.058	0.061	0.549	0.466	0.585	0.523	0.58	0.486	0.522	0.462	0.561	0.517	0.738	0.107	0.636	0.647	0.52	0.619	0.479	0.594	0.46	0.607	0.606	600
L	0.536	0.418	0.478	0.419	0.301	0.652	0.554	0.535	0.078	0.067	0.491	0.588	0.554	0.099	0.558	0.46	0.583	0.707	0.579	0.05	0.428	0.514	0.515	0.561	600
M	0.52	0.058	0.439	0.52	0.384	0.53	0.516	0.643	0.642	0.631	0.541	0.62	0.507	0.536	0.686	0.519	0.478	0.593	0.478	0.479	0.438	0.473	0.095	0.496	600
N	0.551	0.53	0.056	0.582	0.519	0.581	0.351	0.109	0.506	0.402	0.579	0.489	0.54	0.052	0.642	0.564	0.515	0.502	0.531	0.651	0.563	0.506	0.55	0.451	600
O	0.496	0.38	0.505	0.546	0.082	0.456	0.488	0.438	0.471	0.492	0.652	0.58	0.564	0.518	0.412	0.593	0.631	0.588	0.445	0.574	0.524	0.505	0.466	0.483	600
P	0.433	0.585	0.453	0.493	0.443	0.35	0.194	0.682	0.475	0.466	0.65	0.362	0.54	0.655	0.61	0.053	0.588	0.224	0.411	0.561	0.377	0.446	0.438	0.17	600