Procedure Summary																									
																									
Plate Type	384 WELL PLATE																								
Read	Read:  (A) 600																								
																									
600																									
	1	2	3	4	5	6	7	8	9	10	11	12	13	14	15	16	17	18	19	20	21	22	23	24	
A	0.121	0.475	0.549	0.475	0.278	0.57	0.699	0.494	0.545	0.617	0.08	0.475	0.628	0.379	0.667	0.404	0.257	0.438	0.233	0.464	0.485	0.491	0.701	0.563	600
B	0.465	0.518	0.566	0.443	0.425	0.58	0.511	0.577	0.6	0.55	0.538	0.547	0.633	0.468	0.513	0.619	0.581	0.588	0.533	0.218	0.611	0.646	0.061	0.477	600
C	0.606	0.618	0.618	0.686	0.605	0.62	0.624	0.585	0.666	0.604	0.723	0.627	0.545	0.668	0.053	0.523	0.599	0.601	0.576	0.628	0.608	0.503	0.428	0.425	600
D	0.497	0.567	0.644	0.651	0.609	0.377	0.43	0.623	0.057	0.561	0.716	0.734	0.566	0.616	0.056	0.642	0.523	0.521	0.566	0.054	0.523	0.548	0.522	0.06	600
E	0.583	0.559	0.514	0.479	0.457	0.567	0.598	0.705	0.624	0.645	0.053	0.737	0.061	0.639	0.6	0.676	0.613	0.568	0.533	0.513	0.631	0.424	0.533	0.368	600
F	0.527	0.648	0.582	0.638	0.605	0.404	0.647	0.56	0.673	0.598	0.052	0.593	0.684	0.637	0.646	0.52	0.535	0.055	0.574	0.053	0.425	0.493	0.488	0.449	600
G	0.536	0.737	0.596	0.066	0.56	0.663	0.69	0.688	0.473	0.511	0.645	0.594	0.726	0.614	0.656	0.536	0.572	0.609	0.565	0.63	0.491	0.458	0.454	0.571	600
H	0.601	0.649	0.672	0.625	0.089	0.634	0.674	0.667	0.607	0.621	0.609	0.534	0.688	0.73	0.796	0.713	0.518	0.558	0.553	0.055	0.629	0.6	0.486	0.375	600
I	0.602	0.71	0.69	0.694	0.098	0.68	0.653	0.454	0.643	0.42	0.635	0.727	0.616	0.056	0.652	0.59	0.64	0.618	0.701	0.693	0.543	0.052	0.453	0.445	600
J	0.52	0.603	0.493	0.588	0.602	0.625	0.666	0.588	0.72	0.722	0.691	0.053	0.658	0.814	0.68	0.706	0.642	0.703	0.495	0.45	0.573	0.544	0.234	0.674	600
K	0.675	0.526	0.567	0.691	0.472	0.71	0.74	0.48	0.62	0.707	0.563	0.727	0.506	0.625	0.61	0.622	0.666	0.542	0.073	0.581	0.606	0.717	0.581	0.603	600
L	0.663	0.61	0.58	0.643	0.705	0.667	0.645	0.771	0.651	0.503	0.709	0.62	0.724	0.139	0.563	0.565	0.5	0.056	0.694	0.55	0.629	0.679	0.624	0.054	600
M	0.642	0.453	0.514	0.67	0.069	0.548	0.692	0.63	0.671	0.058	0.698	0.587	0.8	0.588	0.574	0.657	0.535	0.618	0.702	0.063	0.633	0.627	0.059	0.6	600
N	0.505	0.689	0.562	0.654	0.668	0.737	0.556	0.663	0.634	0.689	0.584	0.696	0.526	0.816	0.528	0.58	0.549	0.623	0.663	0.634	0.497	0.646	0.513	0.053	600
O	0.607	0.528	0.746	0.668	0.61	0.554	0.658	0.617	0.473	0.577	0.682	0.519	0.553	0.548	0.661	0.558	0.604	0.637	0.678	0.557	0.563	0.532	0.644	0.428	600
P	0.574	0.547	0.53	0.608	0.459	0.615	0.054	0.618	0.617	0.548	0.489	0.533	0.552	0.513	0.069	0.628	0.624	0.539	0.535	0.511	0.537	0.477	0.487	0.467	600