Procedure Summary																									
																									
Plate Type	384 WELL PLATE																								
Read	Read:  (A) 600																								
																									
600																									
	1	2	3	4	5	6	7	8	9	10	11	12	13	14	15	16	17	18	19	20	21	22	23	24	
A	0.059	0.583	0.494	0.473	0.577	0.619	0.598	0.561	0.573	0.293	0.059	0.491	0.446	0.444	0.497	0.487	0.049	0.418	0.053	0.505	0.515	0.419	0.449	0.5	600
B	0.599	0.505	0.489	0.512	0.555	0.588	0.618	0.508	0.503	0.559	0.38	0.502	0.356	0.538	0.616	0.533	0.519	0.426	0.389	0.049	0.427	0.372	0.049	0.335	600
C	0.559	0.547	0.554	0.409	0.477	0.638	0.526	0.608	0.504	0.519	0.552	0.049	0.518	0.53	0.05	0.531	0.515	0.527	0.554	0.509	0.458	0.466	0.566	0.507	600
D	0.592	0.514	0.544	0.554	0.452	0.6	0.436	0.468	0.101	0.616	0.493	0.542	0.565	0.514	0.047	0.538	0.517	0.514	0.469	0.048	0.509	0.505	0.524	0.053	600
E	0.588	0.529	0.621	0.515	0.616	0.588	0.632	0.551	0.518	0.596	0.053	0.539	0.051	0.537	0.589	0.505	0.494	0.603	0.497	0.477	0.511	0.52	0.369	0.509	600
F	0.543	0.61	0.545	0.531	0.571	0.543	0.614	0.553	0.605	0.492	0.051	0.554	0.501	0.468	0.481	0.532	0.543	0.049	0.496	0.048	0.416	0.532	0.562	0.483	600
G	0.593	0.645	0.528	0.053	0.509	0.347	0.569	0.532	0.674	0.504	0.552	0.499	0.515	0.518	0.507	0.522	0.491	0.45	0.529	0.476	0.555	0.549	0.567	0.481	600
H	0.51	0.636	0.54	0.53	0.053	0.516	0.541	0.544	0.556	0.558	0.555	0.516	0.498	0.5	0.598	0.521	0.527	0.573	0.55	0.049	0.532	0.55	0.509	0.488	600
I	0.604	0.561	0.532	0.663	0.076	0.57	0.517	0.574	0.656	0.631	0.647	0.516	0.537	0.048	0.586	0.552	0.539	0.585	0.596	0.529	0.534	0.055	0.548	0.444	600
J	0.588	0.581	0.599	0.665	0.554	0.636	0.491	0.522	0.603	0.628	0.52	0.051	0.615	0.518	0.525	0.558	0.554	0.487	0.562	0.518	0.581	0.532	0.454	0.462	600
K	0.613	0.568	0.616	0.557	0.568	0.493	0.556	0.544	0.513	0.583	0.543	0.567	0.515	0.565	0.545	0.602	0.626	0.591	0.049	0.559	0.592	0.599	0.555	0.49	600
L	0.562	0.538	0.598	0.575	0.63	0.577	0.613	0.615	0.565	0.601	0.545	0.63	0.465	0.056	0.502	0.513	0.525	0.051	0.548	0.473	0.634	0.546	0.368	0.054	600
M	0.533	0.615	0.496	0.513	0.409	0.617	0.559	0.507	0.557	0.052	0.572	0.509	0.609	0.629	0.607	0.597	0.584	0.553	0.602	0.051	0.491	0.521	0.05	0.621	600
N	0.506	0.508	0.571	0.585	0.639	0.579	0.584	0.528	0.635	0.546	0.434	0.668	0.641	0.582	0.583	0.534	0.636	0.581	0.537	0.567	0.446	0.531	0.518	0.051	600
O	0.525	0.559	0.491	0.574	0.568	0.564	0.617	0.629	0.637	0.518	0.436	0.465	0.449	0.579	0.532	0.482	0.519	0.43	0.386	0.431	0.426	0.479	0.371	0.365	600
P	0.36	0.468	0.479	0.477	0.449	0.47	0.052	0.387	0.527	0.565	0.431	0.409	0.454	0.555	0.052	0.373	0.471	0.433	0.376	0.51	0.393	0.298	0.35	0.356	600