Procedure Summary																									
																									
Plate Type	384 WELL PLATE																								
Read	Read:  (A) 600																								
																									
600																									
	1	2	3	4	5	6	7	8	9	10	11	12	13	14	15	16	17	18	19	20	21	22	23	24	
A	0.622	0.685	0.645	0.712	0.638	0.67	0.774	0.73	0.663	0.652	0.65	0.593	0.691	0.639	0.584	0.546	0.598	0.605	0.618	0.699	0.658	0.53	0.68	0.545	600
B	0.599	0.588	0.447	0.65	0.677	0.73	0.655	0.6	0.593	0.667	0.632	0.628	0.692	0.049	0.757	0.064	0.627	0.586	0.607	0.536	0.664	0.497	0.59	0.458	600
C	0.63	0.696	0.639	0.065	0.663	0.709	0.691	0.578	0.631	0.552	0.687	0.547	0.702	0.058	0.717	0.536	0.65	0.554	0.504	0.545	0.608	0.453	0.46	0.46	600
D	0.571	0.05	0.666	0.054	0.543	0.682	0.625	0.689	0.627	0.616	0.678	0.63	0.592	0.701	0.583	0.47	0.637	0.537	0.615	0.665	0.646	0.6	0.656	0.514	600
E	0.656	0.72	0.394	0.053	0.53	0.57	0.655	0.512	0.659	0.648	0.557	0.674	0.608	0.524	0.653	0.698	0.584	0.513	0.465	0.638	0.603	0.508	0.518	0.553	600
F	0.658	0.052	0.518	0.552	0.69	0.542	0.683	0.653	0.719	0.67	0.673	0.675	0.708	0.584	0.577	0.624	0.563	0.589	0.678	0.051	0.547	0.475	0.579	0.635	600
G	0.666	0.66	0.635	0.058	0.658	0.689	0.624	0.06	0.057	0.658	0.643	0.591	0.736	0.69	0.544	0.639	0.699	0.562	0.703	0.72	0.471	0.572	0.518	0.588	600
H	0.73	0.621	0.561	0.681	0.764	0.603	0.622	0.667	0.679	0.703	0.492	0.655	0.492	0.666	0.686	0.677	0.607	0.586	0.603	0.547	0.058	0.642	0.538	0.631	600
I	0.754	0.06	0.392	0.654	0.713	0.757	0.686	0.662	0.684	0.075	0.697	0.618	0.878	0.711	0.64	0.66	0.717	0.618	0.549	0.629	0.67	0.546	0.066	0.604	600
J	0.717	0.729	0.632	0.666	0.693	0.672	0.658	0.683	0.659	0.173	0.566	0.65	0.133	0.668	0.666	0.605	0.656	0.74	0.607	0.644	0.624	0.627	0.522	0.658	600
K	0.659	0.259	0.612	0.669	0.535	0.646	0.716	0.748	0.579	0.572	0.604	0.623	0.658	0.072	0.579	0.719	0.699	0.675	0.604	0.594	0.746	0.651	0.076	0.512	600
L	0.763	0.615	0.648	0.645	0.73	0.556	0.68	0.572	0.667	0.705	0.596	0.607	0.649	0.606	0.574	0.612	0.626	0.673	0.659	0.695	0.539	0.566	0.553	0.599	600
M	0.708	0.545	0.422	0.627	0.656	0.712	0.662	0.665	0.664	0.499	0.62	0.61	0.692	0.708	0.678	0.583	0.578	0.604	0.635	0.556	0.636	0.618	0.712	0.514	600
N	0.561	0.654	0.675	0.07	0.637	0.762	0.629	0.666	0.644	0.596	0.605	0.607	0.663	0.058	0.654	0.603	0.702	0.571	0.682	0.654	0.613	0.505	0.547	0.673	600
O	0.586	0.605	0.691	0.693	0.654	0.644	0.621	0.059	0.69	0.647	0.7	0.522	0.729	0.736	0.655	0.653	0.704	0.646	0.613	0.542	0.059	0.693	0.592	0.618	600
P	0.542	0.627	0.709	0.649	0.585	0.665	0.605	0.725	0.054	0.653	0.411	0.531	0.606	0.586	0.589	0.704	0.714	0.632	0.049	0.55	0.585	0.662	0.589	0.442	600