Procedure Summary																									
																									
Plate Type	384 WELL PLATE																								
Read	Read:  (A) 600																								
																									
600																									
	1	2	3	4	5	6	7	8	9	10	11	12	13	14	15	16	17	18	19	20	21	22	23	24	
A	1.075	0.603	0.599	1.3	0.576	0.07	0.588	0.647	0.706	0.753	0.62	0.496	0.84	0.42	0.537	0.664	0.545	0.722	0.564	0.673	0.549	0.527	0.543	0.712	600
B	0.624	0.479	0.64	0.091	0.64	0.644	0.629	0.594	0.601	0.603	0.56	0.641	0.576	1.231	0.643	0.678	1.698	0.72	0.559	0.688	0.586	0.687	0.399	0.555	600
C	0.673	0.587	0.576	1.139	0.631	0.659	1.327	0.618	0.581	0.628	0.564	0.667	1.519	0.622	0.636	1.592	0.562	0.574	0.57	0.522	0.313	0.8	0.484	0.548	600
D	0.614	0.049	0.544	0.049	0.539	0.616	0.052	0.65	0.603	0.631	0.748	0.588	1.326	0.663	1.694	0.118	1.08	0.454	0.772	0.665	0.288	0.537	0.718	0.518	600
E	0.559	0.706	0.67	0.051	0.113	0.645	0.103	0.117	0.11	0.723	1.313	1.379	0.59	0.584	0.63	0.639	0.591	0.547	0.598	0.625	0.623	0.655	0.538	0.604	600
F	0.084	0.081	0.612	0.575	1.78	0.617	0.609	0.623	1.4	1.515	1.722	0.542	0.58	0.138	1.127	0.674	0.618	0.605	0.58	0.056	0.101	0.582	0.576	0.598	600
G	0.074	0.545	0.591	0.05	1.365	0.701	0.107	0.062	0.049	0.114	0.562	0.643	1.572	0.52	1.712	1.591	0.586	0.669	0.584	0.552	0.202	0.536	0.523	0.591	600
H	1.485	0.699	0.53	0.631	0.608	0.526	0.375	0.814	0.514	0.549	0.048	1.16	1.32	0.601	0.566	1.774	0.491	0.609	1.809	0.104	0.194	0.045	0.394	0.064	600
I	0.622	1.074	1.378	0.571	1.331	1.323	0.639	1.136	0.64	0.529	0.572	0.515	0.784	0.803	0.499	0.609	0.596	0.657	0.607	0.768	0.624	0.563	0.205	0.048	600
J	0.248	0.701	0.692	0.613	0.402	0.439	0.131	0.128	0.638	1.832	0.544	0.109	0.126	0.695	0.591	0.632	0.601	0.616	0.61	0.566	0.381	0.596	0.662	0.563	600
K	0.507	0.685	1.439	1.231	0.607	0.752	1.273	1.684	0.623	0.513	0.487	1.066	1.13	1.389	0.655	0.585	1.561	0.56	0.534	0.469	0.578	0.578	0.167	0.745	600
L	0.603	0.436	0.712	1.466	0.77	1.294	0.075	0.568	0.555	0.582	0.749	1.819	0.592	0.527	0.536	0.583	1.94	0.533	0.591	0.629	0.483	0.562	0.058	0.727	600
M	0.637	0.702	0.474	0.123	1.317	0.55	0.563	1.261	0.571	0.597	0.54	1.397	0.683	0.456	0.471	1.587	0.452	0.517	0.633	0.506	0.51	0.569	0.499	0.5	600
N	0.59	0.612	1.101	0.167	1.205	1.486	0.656	0.533	0.681	0.587	0.656	0.563	0.624	1.179	0.612	0.634	0.423	0.569	0.555	0.529	0.614	0.495	0.735	0.548	600
O	0.626	0.449	1.336	1.272	0.647	0.612	0.586	0.067	0.569	0.591	0.617	0.609	0.743	0.66	0.562	0.572	0.605	0.668	0.561	0.544	0.591	0.608	0.62	0.501	600
P	0.473	0.574	0.221	0.628	0.456	0.074	0.58	0.736	0.052	0.495	0.585	0.717	0.536	0.639	0.603	0.465	0.186	0.175	0.2	0.485	0.456	0.491	0.655	0.199	600