Procedure Summary																									
																									
Plate Type	384 WELL PLATE																								
Read	Read:  (A) 600																								
																									
600																									
	1	2	3	4	5	6	7	8	9	10	11	12	13	14	15	16	17	18	19	20	21	22	23	24	
A	0.634	0.374	0.657	0.608	0.754	0.646	0.629	0.708	0.787	0.612	0.648	0.644	0.598	0.052	0.052	0.325	0.714	0.154	0.718	0.214	0.731	0.086	0.69	0.766	600
B	0.56	0.699	0.664	0.752	0.057	0.67	0.526	0.629	0.595	0.592	0.583	0.594	0.051	0.624	0.635	0.737	0.582	0.685	0.478	0.671	0.618	0.572	0.542	0.498	600
C	0.583	0.619	0.637	0.051	0.598	0.064	0.668	0.438	0.616	0.051	0.52	0.053	0.613	0.623	0.599	0.051	0.53	0.065	0.567	0.708	0.717	0.074	0.515	0.205	600
D	0.556	0.052	0.603	0.675	0.053	0.052	0.555	0.589	0.6	0.178	0.446	0.534	0.52	0.106	0.565	0.626	0.548	0.049	0.646	0.468	0.73	0.535	0.665	0.598	600
E	0.527	0.563	0.645	0.057	0.621	0.62	0.658	0.571	0.416	0.526	0.053	0.057	0.054	0.607	0.219	0.054	0.477	0.587	0.612	0.615	0.657	0.048	0.623	0.064	600
F	0.519	0.597	0.619	0.593	0.053	0.529	0.644	0.574	0.506	0.566	0.579	0.582	0.577	0.323	0.571	0.668	0.599	0.591	0.631	0.544	0.562	0.598	0.606	0.546	600
G	0.612	0.542	0.609	0.529	0.627	0.573	0.552	0.068	0.657	0.634	0.339	0.052	0.594	0.572	0.622	0.054	0.571	0.63	0.572	0.522	0.052	0.55	0.459	0.563	600
H	0.572	0.545	0.595	0.582	0.507	0.54	0.51	0.075	0.63	0.592	0.63	0.538	0.052	0.593	0.67	0.476	0.471	0.597	0.548	0.564	0.544	0.306	0.552	0.216	600
I	0.482	0.496	0.622	0.634	0.567	0.652	0.606	0.566	0.623	0.5	0.567	0.085	0.22	0.049	0.623	0.047	0.576	0.571	0.049	0.717	0.048	0.621	0.571	0.713	600
J	0.131	0.523	0.639	0.378	0.623	0.404	0.053	0.608	0.584	0.543	0.512	0.488	0.521	0.459	0.051	0.651	0.471	0.594	0.622	0.05	0.628	0.522	0.547	0.523	600
K	0.505	0.532	0.554	0.534	0.563	0.571	0.597	0.58	0.59	0.303	0.467	0.102	0.559	0.631	0.048	0.624	0.049	0.071	0.049	0.581	0.049	0.528	0.052	0.179	600
L	0.505	0.545	0.726	0.501	0.531	0.479	0.541	0.641	0.669	0.615	0.565	0.647	0.507	0.072	0.455	0.615	0.517	0.529	0.558	0.05	0.506	0.541	0.547	0.498	600
M	0.079	0.559	0.444	0.569	0.05	0.473	0.572	0.58	0.06	0.531	0.597	0.637	0.71	0.05	0.596	0.71	0.054	0.656	0.607	0.629	0.588	0.499	0.052	0.538	600
N	0.511	0.059	0.521	0.524	0.536	0.437	0.588	0.498	0.574	0.586	0.539	0.541	0.572	0.59	0.599	0.055	0.517	0.628	0.567	0.588	0.559	0.605	0.129	0.551	600
O	0.451	0.228	0.057	0.381	0.053	0.524	0.053	0.428	0.164	0.534	0.549	0.58	0.504	0.516	0.671	0.605	0.617	0.567	0.185	0.569	0.498	0.508	0.134	0.125	600
P	0.44	0.526	0.561	0.551	0.443	0.405	0.602	0.65	0.425	0.488	0.504	0.517	0.523	0.56	0.587	0.55	0.474	0.55	0.438	0.43	0.536	0.467	0.74	0.643	600