Procedure Summary																									
																									
Plate Type	384 WELL PLATE																								
Read	Read:  (A) 600																								
																									
600																									
	1	2	3	4	5	6	7	8	9	10	11	12	13	14	15	16	17	18	19	20	21	22	23	24	
A	0.533	0.535	0.486	0.544	0.306	0.552	0.691	0.616	0.538	0.682	0.546	0.61	0.541	0.652	0.585	0.442	0.6	0.598	0.438	0.63	0.539	0.61	0.525	0.609	600
B	0.523	0.521	0.636	0.552	0.718	0.669	0.615	0.592	0.663	0.664	0.689	0.52	0.647	0.052	0.538	0.215	0.43	0.579	0.568	0.54	0.677	0.694	0.532	0.461	600
C	0.595	0.463	0.566	0.058	0.527	0.63	0.516	0.506	0.706	0.632	0.726	0.598	0.589	0.087	0.05	0.428	0.62	0.482	0.589	0.415	0.496	0.436	0.392	0.457	600
D	0.472	0.054	0.606	0.054	0.539	0.539	0.591	0.558	0.657	0.588	0.58	0.61	0.439	0.518	0.5	0.478	0.521	0.487	0.555	0.63	0.59	0.554	0.605	0.502	600
E	0.613	0.518	0.398	0.053	0.498	0.435	0.672	0.606	0.557	0.619	0.634	0.629	0.566	0.603	0.676	0.532	0.527	0.63	0.435	0.566	0.567	0.588	0.419	0.544	600
F	0.612	0.056	0.578	0.574	0.591	0.491	0.581	0.586	0.576	0.497	0.531	0.614	0.453	0.43	0.532	0.577	0.579	0.463	0.557	0.049	0.441	0.539	0.669	0.476	600
G	0.642	0.645	0.663	0.05	0.506	0.504	0.625	0.05	0.05	0.497	0.626	0.494	0.477	0.513	0.682	0.58	0.531	0.65	0.642	0.61	0.451	0.547	0.423	0.365	600
H	0.618	0.604	0.565	0.545	0.464	0.592	0.619	0.544	0.685	0.533	0.643	0.659	0.473	0.58	0.522	0.66	0.533	0.464	0.661	0.664	0.059	0.418	0.499	0.512	600
I	0.631	0.069	0.578	0.7	0.517	0.595	0.593	0.688	0.58	0.058	0.418	0.715	0.638	0.597	0.599	0.538	0.596	0.47	0.6	0.533	0.584	0.537	0.048	0.56	600
J	0.596	0.618	0.566	0.475	0.616	0.611	0.645	0.53	0.582	0.049	0.595	0.506	0.126	0.541	0.6	0.44	0.565	0.597	0.626	0.561	0.526	0.649	0.53	0.572	600
K	0.641	0.481	0.541	0.649	0.62	0.54	0.591	0.527	0.594	0.458	0.549	0.552	0.58	0.066	0.513	0.613	0.541	0.531	0.618	0.478	0.627	0.579	0.334	0.597	600
L	0.651	0.629	0.674	0.635	0.64	0.556	0.532	0.636	0.539	0.497	0.494	0.638	0.563	0.584	0.536	0.489	0.574	0.547	0.584	0.436	0.523	0.624	0.45	0.492	600
M	0.559	0.584	0.555	0.585	0.671	0.611	0.583	0.576	0.668	0.05	0.651	0.569	0.609	0.645	0.478	0.641	0.466	0.542	0.694	0.593	0.511	0.562	0.525	0.527	600
N	0.511	0.525	0.584	0.084	0.65	0.607	0.575	0.51	0.57	0.501	0.442	0.63	0.61	0.072	0.609	0.591	0.505	0.622	0.576	0.631	0.55	0.497	0.646	0.635	600
O	0.516	0.513	0.52	0.54	0.581	0.553	0.486	0.064	0.581	0.396	0.448	0.572	0.577	0.656	0.658	0.611	0.651	0.656	0.5	0.503	0.054	0.557	0.536	0.431	600
P	0.389	0.461	0.575	0.541	0.517	0.567	0.37	0.567	0.054	0.532	0.513	0.461	0.577	0.582	0.596	0.498	0.622	0.378	0.117	0.4	0.482	0.458	0.381	0.439	600