Procedure Summary																									
																									
Plate Type	384 WELL PLATE																								
Read	Read:  (A) 600																								
																									
600																									
	1	2	3	4	5	6	7	8	9	10	11	12	13	14	15	16	17	18	19	20	21	22	23	24	
A	0.112	0.612	0.618	0.553	0.512	0.675	0.547	0.454	0.64	0.602	0.275	0.584	0.612	0.508	0.686	0.463	0.184	0.55	0.052	0.612	0.572	0.622	0.624	0.664	600
B	0.516	0.501	0.673	0.546	0.54	0.557	0.612	0.642	0.611	0.634	0.487	0.599	0.616	0.564	0.591	0.447	0.532	0.625	0.563	0.177	0.716	0.617	0.048	0.471	600
C	0.553	0.641	0.67	0.778	0.63	0.716	0.645	0.59	0.724	0.569	0.531	0.078	0.477	0.664	0.049	0.565	0.686	0.565	0.633	0.452	0.64	0.664	0.569	0.45	600
D	0.553	0.528	0.499	0.619	0.429	0.714	0.617	0.546	0.049	0.507	0.62	0.719	0.578	0.491	0.068	0.639	0.604	0.459	0.632	0.052	0.611	0.61	0.583	0.051	600
E	0.542	0.671	0.56	0.651	0.533	0.583	0.616	0.654	0.588	0.458	0.053	0.626	0.048	0.606	0.602	0.641	0.635	0.643	0.519	0.597	0.625	0.538	0.487	0.48	600
F	0.527	0.544	0.565	0.597	0.601	0.678	0.538	0.555	0.529	0.542	0.051	0.6	0.537	0.598	0.589	0.575	0.574	0.05	0.505	0.05	0.491	0.524	0.638	0.63	600
G	0.556	0.639	0.594	0.049	0.58	0.634	0.47	0.647	0.47	0.614	0.565	0.603	0.673	0.575	0.638	0.604	0.606	0.607	0.617	0.641	0.522	0.476	0.454	0.608	600
H	0.633	0.573	0.636	0.627	0.053	0.658	0.678	0.659	0.589	0.668	0.649	0.537	0.689	0.678	0.66	0.644	0.617	0.638	0.567	0.05	0.633	0.574	0.602	0.375	600
I	0.609	0.605	0.615	0.628	0.051	0.626	0.601	0.659	0.492	0.646	0.63	0.677	0.685	0.052	0.589	0.584	0.633	0.637	0.701	0.704	0.6	0.048	0.543	0.571	600
J	0.615	0.616	0.606	0.631	0.614	0.695	0.735	0.636	0.644	0.624	0.638	0.052	0.584	0.72	0.651	0.622	0.641	0.672	0.501	0.555	0.577	0.622	0.265	0.754	600
K	0.644	0.663	0.739	0.73	0.677	0.662	0.711	0.634	0.605	0.64	0.525	0.647	0.63	0.665	0.601	0.633	0.646	0.586	0.049	0.52	0.714	0.74	0.642	0.644	600
L	0.578	0.573	0.682	0.58	0.642	0.64	0.652	0.772	0.599	0.526	0.746	0.626	0.621	0.05	0.711	0.548	0.598	0.049	0.656	0.551	0.616	0.698	0.744	0.053	600
M	0.687	0.666	0.546	0.638	0.052	0.589	0.57	0.55	0.557	0.05	0.564	0.597	0.825	0.644	0.564	0.696	0.467	0.52	0.626	0.05	0.501	0.642	0.053	0.645	600
N	0.563	0.514	0.567	0.56	0.634	0.742	0.647	0.543	0.682	0.578	0.688	0.576	0.631	0.714	0.597	0.619	0.591	0.523	0.687	0.602	0.599	0.652	0.645	0.056	600
O	0.553	0.574	0.673	0.643	0.678	0.599	0.52	0.576	0.669	0.44	0.54	0.527	0.529	0.551	0.652	0.567	0.563	0.51	0.65	0.497	0.646	0.563	0.686	0.59	600
P	0.594	0.585	0.586	0.542	0.499	0.672	0.05	0.634	0.639	0.401	0.595	0.468	0.495	0.492	0.054	0.544	0.659	0.381	0.535	0.552	0.636	0.579	0.586	0.579	600