Procedure Summary																									
																									
Plate Type	384 WELL PLATE																								
Read	Read:  (A) 600																								
																									
600																									
	1	2	3	4	5	6	7	8	9	10	11	12	13	14	15	16	17	18	19	20	21	22	23	24	
A	0.634	0.558	0.534	0.392	0.574	0.556	0.432	0.436	0.68	0.536	0.56	0.559	0.628	0.624	0.518	0.58	0.568	0.549	0.528	0.54	0.532	0.577	0.566	0.639	600
B	0.561	0.562	0.428	0.521	0.396	0.519	0.397	0.589	0.556	0.514	0.564	0.578	0.653	0.05	0.584	0.049	0.386	0.559	0.455	0.373	0.46	0.345	0.439	0.473	600
C	0.597	0.32	0.524	0.056	0.552	0.397	0.604	0.505	0.609	0.559	0.639	0.58	0.529	0.05	0.655	0.478	0.542	0.435	0.434	0.449	0.47	0.399	0.466	0.428	600
D	0.525	0.055	0.456	0.053	0.521	0.4	0.357	0.531	0.583	0.56	0.562	0.643	0.526	0.449	0.532	0.57	0.412	0.424	0.567	0.442	0.461	0.611	0.517	0.496	600
E	0.563	0.627	0.461	0.051	0.635	0.601	0.586	0.563	0.514	0.615	0.616	0.644	0.673	0.653	0.668	0.696	0.509	0.546	0.405	0.525	0.43	0.555	0.506	0.514	600
F	0.545	0.052	0.602	0.611	0.55	0.611	0.581	0.608	0.532	0.539	0.515	0.587	0.616	0.598	0.575	0.579	0.466	0.553	0.483	0.049	0.472	0.536	0.448	0.504	600
G	0.573	0.617	0.582	0.055	0.579	0.671	0.443	0.049	0.051	0.455	0.572	0.442	0.676	0.661	0.614	0.55	0.543	0.556	0.604	0.526	0.431	0.448	0.387	0.483	600
H	0.58	0.598	0.581	0.575	0.631	0.596	0.548	0.56	0.635	0.449	0.403	0.4	0.466	0.655	0.458	0.629	0.573	0.535	0.559	0.53	0.048	0.412	0.42	0.419	600
I	0.539	0.062	0.521	0.499	0.622	0.603	0.505	0.654	0.517	0.051	0.536	0.603	0.578	0.59	0.512	0.568	0.613	0.571	0.597	0.561	0.579	0.551	0.05	0.615	600
J	0.64	0.606	0.495	0.4	0.635	0.601	0.528	0.666	0.541	0.051	0.57	0.472	0.1	0.505	0.531	0.553	0.515	0.579	0.523	0.519	0.528	0.584	0.535	0.601	600
K	0.59	0.634	0.61	0.564	0.647	0.627	0.562	0.659	0.502	0.637	0.443	0.607	0.58	0.049	0.501	0.546	0.451	0.451	0.655	0.552	0.659	0.555	0.056	0.049	600
L	0.675	0.579	0.643	0.558	0.576	0.594	0.57	0.644	0.557	0.428	0.611	0.567	0.522	0.51	0.569	0.504	0.534	0.509	0.6	0.454	0.554	0.546	0.506	0.387	600
M	0.666	0.586	0.439	0.557	0.598	0.585	0.491	0.665	0.519	0.478	0.413	0.453	0.696	0.61	0.612	0.657	0.502	0.458	0.552	0.382	0.452	0.58	0.532	0.601	600
N	0.45	0.658	0.553	0.052	0.621	0.583	0.586	0.491	0.589	0.493	0.483	0.479	0.558	0.052	0.561	0.649	0.345	0.516	0.605	0.384	0.423	0.433	0.649	0.608	600
O	0.533	0.645	0.485	0.658	0.645	0.552	0.565	0.051	0.584	0.445	0.539	0.483	0.484	0.587	0.628	0.498	0.518	0.604	0.513	0.545	0.051	0.59	0.51	0.466	600
P	0.468	0.553	0.542	0.594	0.554	0.424	0.597	0.667	0.051	0.603	0.476	0.398	0.459	0.524	0.638	0.545	0.661	0.371	0.051	0.385	0.43	0.412	0.45	0.484	600