Procedure Summary																									
																									
Plate Type	384 WELL PLATE																								
Read	Read:  (A) 600																								
																									
600																									
	1	2	3	4	5	6	7	8	9	10	11	12	13	14	15	16	17	18	19	20	21	22	23	24	
A	0.622	0.223	0.318	0.688	0.408	0.585	0.523	0.539	0.678	0.704	0.691	0.709	0.601	0.057	0.253	0.13	0.697	0.262	0.676	0.212	0.699	0.277	0.632	0.585	600
B	0.601	0.656	0.697	0.704	0.153	0.668	0.48	0.531	0.645	0.588	0.47	0.716	0.185	0.556	0.702	0.679	0.512	0.696	0.588	0.56	0.612	0.64	0.54	0.494	600
C	0.507	0.585	0.618	0.067	0.553	0.062	0.463	0.615	0.427	0.254	0.648	0.099	0.404	0.593	0.623	0.166	0.69	0.075	0.566	0.556	0.494	0.054	0.59	0.622	600
D	0.615	0.077	0.487	0.586	0.054	0.058	0.625	0.575	0.6	0.578	0.668	0.732	0.517	0.511	0.592	0.718	0.5	0.062	0.596	0.526	0.648	0.625	0.511	0.533	600
E	0.668	0.572	0.458	0.052	0.608	0.55	0.618	0.609	0.6	0.683	0.05	0.049	0.048	0.612	0.651	0.085	0.61	0.602	0.582	0.532	0.63	0.047	0.403	0.054	600
F	0.649	0.589	0.552	0.548	0.049	0.285	0.547	0.596	0.567	0.495	0.526	0.557	0.449	0.641	0.602	0.714	0.521	0.475	0.446	0.551	0.562	0.422	0.508	0.693	600
G	0.705	0.682	0.647	0.574	0.667	0.504	0.623	0.05	0.522	0.611	0.066	0.051	0.663	0.654	0.605	0.048	0.593	0.516	0.597	0.499	0.064	0.432	0.484	0.409	600
H	0.637	0.63	0.56	0.589	0.636	0.572	0.652	0.051	0.635	0.615	0.575	0.449	0.295	0.639	0.657	0.577	0.562	0.566	0.621	0.481	0.609	0.05	0.409	0.053	600
I	0.648	0.715	0.61	0.65	0.674	0.661	0.602	0.514	0.659	0.595	0.516	0.058	0.054	0.05	0.607	0.048	0.591	0.576	0.065	0.608	0.053	0.469	0.421	0.543	600
J	0.102	0.58	0.467	0.6	0.601	0.593	0.067	0.627	0.622	0.529	0.65	0.395	0.638	0.638	0.068	0.613	0.602	0.64	0.461	0.047	0.537	0.583	0.647	0.602	600
K	0.629	0.654	0.625	0.628	0.496	0.663	0.529	0.555	0.613	0.643	0.441	0.224	0.633	0.602	0.049	0.68	0.049	0.051	0.051	0.699	0.056	0.666	0.541	0.607	600
L	0.675	0.644	0.704	0.636	0.668	0.67	0.642	0.639	0.536	0.533	0.711	0.721	0.573	0.049	0.516	0.535	0.524	0.569	0.681	0.051	0.569	0.574	0.566	0.464	600
M	0.106	0.638	0.532	0.598	0.053	0.587	0.523	0.668	0.055	0.625	0.574	0.66	0.605	0.098	0.635	0.702	0.054	0.564	0.54	0.467	0.499	0.553	0.054	0.674	600
N	0.474	0.069	0.685	0.659	0.73	0.625	0.67	0.577	0.588	0.577	0.56	0.608	0.567	0.631	0.512	0.644	0.522	0.575	0.699	0.653	0.623	0.556	0.051	0.576	600
O	0.641	0.635	0.053	0.691	0.094	0.631	0.056	0.639	0.126	0.528	0.611	0.65	0.638	0.558	0.675	0.566	0.598	0.624	0.067	0.634	0.422	0.579	0.063	0.118	600
P	0.643	0.596	0.704	0.622	0.549	0.671	0.633	0.7	0.606	0.729	0.573	0.529	0.522	0.625	0.685	0.702	0.652	0.464	0.61	0.569	0.607	0.532	0.531	0.526	600