Procedure Summary																									
																									
Plate Type	384 WELL PLATE																								
Read	Read:  (A) 600																								
																									
600																									
	1	2	3	4	5	6	7	8	9	10	11	12	13	14	15	16	17	18	19	20	21	22	23	24	
A	0.57	0.556	0.502	0.507	0.085	0.625	0.655	0.545	0.546	0.64	0.647	0.652	0.567	0.582	0.641	0.409	0.57	0.398	0.549	0.555	0.541	0.228	0.052	0.545	600
B	0.483	0.504	0.491	0.553	0.52	0.594	0.075	0.491	0.582	0.051	0.524	0.675	0.594	0.497	0.573	0.055	0.591	0.582	0.614	0.621	0.509	0.419	0.543	0.609	600
C	0.542	0.56	0.598	0.067	0.444	0.459	0.549	0.556	0.498	0.053	0.705	0.059	0.551	0.626	0.363	0.665	0.596	0.515	0.515	0.428	0.048	0.513	0.578	0.581	600
D	0.499	0.486	0.506	0.663	0.485	0.438	0.062	0.052	0.051	0.537	0.56	0.622	0.495	0.539	0.652	0.693	0.547	0.517	0.58	0.598	0.58	0.44	0.552	0.582	600
E	0.086	0.544	0.523	0.567	0.607	0.599	0.485	0.579	0.467	0.619	0.675	0.561	0.673	0.642	0.579	0.512	0.528	0.626	0.526	0.538	0.05	0.446	0.556	0.533	600
F	0.478	0.479	0.561	0.474	0.051	0.635	0.053	0.454	0.543	0.399	0.569	0.651	0.517	0.446	0.614	0.603	0.72	0.613	0.461	0.583	0.259	0.05	0.545	0.525	600
G	0.49	0.507	0.447	0.503	0.48	0.478	0.44	0.528	0.524	0.576	0.095	0.059	0.053	0.478	0.525	0.509	0.485	0.592	0.699	0.538	0.697	0.476	0.449	0.662	600
H	0.585	0.431	0.443	0.499	0.523	0.529	0.473	0.05	0.05	0.626	0.588	0.553	0.623	0.58	0.644	0.678	0.563	0.657	0.629	0.047	0.603	0.095	0.496	0.087	600
I	0.461	0.452	0.052	0.503	0.491	0.511	0.059	0.623	0.488	0.482	0.457	0.729	0.056	0.483	0.053	0.587	0.537	0.516	0.501	0.724	0.613	0.518	0.595	0.549	600
J	0.53	0.058	0.589	0.504	0.588	0.06	0.558	0.536	0.522	0.617	0.612	0.054	0.423	0.592	0.445	0.637	0.533	0.048	0.095	0.533	0.55	0.496	0.54	0.724	600
K	0.443	0.06	0.053	0.507	0.528	0.502	0.508	0.502	0.435	0.456	0.475	0.672	0.513	0.557	0.056	0.551	0.43	0.486	0.605	0.511	0.507	0.585	0.647	0.571	600
L	0.39	0.424	0.478	0.452	0.053	0.539	0.492	0.441	0.072	0.052	0.446	0.503	0.511	0.049	0.54	0.566	0.613	0.515	0.604	0.05	0.273	0.684	0.638	0.513	600
M	0.496	0.058	0.358	0.425	0.457	0.382	0.713	0.456	0.442	0.512	0.629	0.455	0.552	0.471	0.587	0.627	0.485	0.637	0.548	0.567	0.355	0.609	0.053	0.644	600
N	0.423	0.42	0.056	0.436	0.393	0.559	0.414	0.048	0.337	0.634	0.581	0.64	0.519	0.054	0.451	0.486	0.456	0.556	0.498	0.592	0.593	0.585	0.571	0.565	600
O	0.412	0.519	0.482	0.469	0.069	0.368	0.541	0.504	0.468	0.505	0.54	0.453	0.485	0.51	0.501	0.434	0.524	0.658	0.596	0.626	0.525	0.598	0.568	0.615	600
P	0.518	0.54	0.461	0.399	0.387	0.404	0.053	0.642	0.527	0.4	0.371	0.495	0.537	0.47	0.43	0.072	0.536	0.642	0.493	0.592	0.486	0.58	0.532	0.082	600