Procedure Summary																									
																									
Plate Type	384 WELL PLATE																								
Read	Read:  (A) 600																								
																									
600																									
	1	2	3	4	5	6	7	8	9	10	11	12	13	14	15	16	17	18	19	20	21	22	23	24	
A	0.565	0.138	0.559	0.57	0.44	0.504	0.442	0.556	0.566	0.561	0.575	0.532	0.395	0.124	0.055	0.661	0.381	0.082	0.501	0.09	0.641	0.062	0.609	0.443	600
B	0.486	0.536	0.482	0.576	0.101	0.53	0.587	0.543	0.597	0.498	0.606	0.442	0.07	0.406	0.605	0.549	0.328	0.531	0.528	0.42	0.467	0.545	0.457	0.381	600
C	0.503	0.602	0.613	0.073	0.483	0.06	0.527	0.638	0.593	0.052	0.55	0.057	0.474	0.56	0.698	0.058	0.588	0.057	0.485	0.377	0.564	0.059	0.434	0.578	600
D	0.405	0.051	0.54	0.668	0.057	0.062	0.569	0.55	0.598	0.541	0.693	0.619	0.474	0.618	0.542	0.619	0.568	0.05	0.592	0.594	0.52	0.501	0.471	0.58	600
E	0.512	0.526	0.626	0.055	0.632	0.64	0.57	0.404	0.449	0.697	0.049	0.138	0.055	0.635	0.608	0.052	0.575	0.616	0.459	0.554	0.509	0.052	0.477	0.06	600
F	0.521	0.695	0.665	0.597	0.057	0.608	0.621	0.572	0.685	0.548	0.503	0.597	0.663	0.548	0.616	0.542	0.474	0.463	0.589	0.524	0.495	0.558	0.596	0.424	600
G	0.507	0.55	0.643	0.618	0.649	0.653	0.567	0.053	0.676	0.524	0.07	0.053	0.633	0.634	0.657	0.055	0.71	0.591	0.634	0.601	0.068	0.433	0.483	0.41	600
H	0.584	0.624	0.627	0.651	0.686	0.62	0.623	0.071	0.595	0.574	0.658	0.684	0.056	0.629	0.628	0.6	0.546	0.567	0.528	0.535	0.471	0.052	0.477	0.062	600
I	0.571	0.659	0.591	0.577	0.66	0.664	0.602	0.555	0.618	0.455	0.529	0.071	0.046	0.056	0.582	0.054	0.626	0.596	0.054	0.577	0.094	0.569	0.536	0.403	600
J	0.076	0.669	0.669	0.535	0.571	0.587	0.07	0.623	0.704	0.58	0.632	0.549	0.606	0.565	0.053	0.561	0.553	0.518	0.565	0.049	0.64	0.579	0.552	0.481	600
K	0.518	0.663	0.667	0.623	0.596	0.648	0.648	0.651	0.681	0.73	0.68	0.074	0.616	0.616	0.058	0.616	0.058	0.097	0.052	0.603	0.049	0.599	0.417	0.461	600
L	0.554	0.579	0.62	0.578	0.631	0.589	0.514	0.633	0.592	0.568	0.598	0.485	0.521	0.055	0.05	0.574	0.607	0.499	0.612	0.054	0.502	0.55	0.524	0.488	600
M	0.066	0.5	0.505	0.588	0.061	0.673	0.556	0.542	0.064	0.552	0.714	0.546	0.76	0.058	0.578	0.527	0.061	0.561	0.695	0.541	0.585	0.479	0.06	0.495	600
N	0.443	0.174	0.685	0.589	0.543	0.641	0.506	0.538	0.623	0.545	0.352	0.58	0.601	0.568	0.599	0.677	0.647	0.661	0.526	0.618	0.554	0.549	0.06	0.592	600
O	0.507	0.453	0.059	0.588	0.057	0.628	0.054	0.522	0.06	0.488	0.586	0.49	0.61	0.551	0.515	0.527	0.68	0.476	0.057	0.507	0.596	0.527	0.059	0.059	600
P	0.594	0.496	0.638	0.513	0.438	0.512	0.411	0.564	0.428	0.588	0.588	0.451	0.546	0.614	0.616	0.613	0.634	0.539	0.493	0.546	0.501	0.477	0.386	0.488	600