Procedure Summary																									
																									
Plate Type	384 WELL PLATE																								
Read	Read:  (A) 600																								
																									
600																									
	1	2	3	4	5	6	7	8	9	10	11	12	13	14	15	16	17	18	19	20	21	22	23	24	
A	0.258	0.541	0.186	0.36	0.208	0.553	0.054	0.737	0.059	0.769	0.164	0.685	0.259	0.542	0.318	0.508	0.246	0.469	0.248	0.539	0.051	0.609	0.55	0.636	600
B	0.056	0.243	0.062	0.092	0.074	0.112	0.172	0.066	0.06	0.077	0.07	0.064	0.306	0.079	0.056	0.051	0.245	0.077	0.122	0.243	0.054	0.272	0.12	0.257	600
C	0.22	0.664	0.248	0.621	0.198	0.628	0.053	0.774	0.283	0.601	0.277	0.608	0.055	0.614	0.051	0.55	0.235	0.659	0.158	0.62	0.62	0.515	0.515	0.594	600
D	0.066	0.055	0.068	0.194	0.069	0.25	0.089	0.06	0.06	0.06	0.086	0.23	0.061	0.082	0.055	0.113	0.067	0.051	0.061	0.061	0.054	0.102	0.112	0.316	600
E	0.086	0.066	0.068	0.664	0.064	0.474	0.095	0.729	0.108	0.731	0.067	0.543	0.097	0.576	0.597	0.695	0.085	0.514	0.283	0.365	0.261	0.602	0.064	0.509	600
F	0.084	0.059	0.091	0.052	0.061	0.054	0.067	0.069	0.052	0.051	0.051	0.175	0.174	0.055	0.12	0.216	0.235	0.048	0.244	0.053	0.126	0.053	0.063	0.054	600
G	0.107	0.687	0.064	0.561	0.054	0.404	0.103	0.628	0.1	0.613	0.641	0.548	0.07	0.678	0.23	0.11	0.072	0.66	0.64	0.749	0.127	0.55	0.059	0.666	600
H	0.104	0.056	0.052	0.062	0.052	0.152	0.055	0.049	0.262	0.053	0.057	0.051	0.051	0.052	0.06	0.288	0.053	0.272	0.22	0.055	0.049	0.051	0.055	0.087	600
I	0.705	0.64	0.736	0.699	0.654	0.65	0.631	0.701	0.093	0.442	0.386	0.674	0.732	0.657	0.71	0.643	0.179	0.63	0.707	0.673	0.602	0.531	0.5	0.575	600
J	0.177	0.178	0.192	0.212	0.054	0.105	0.11	0.207	0.084	0.214	0.102	0.058	0.059	0.058	0.111	0.054	0.086	0.055	0.061	0.051	0.054	0.084	0.061	0.261	600
K	0.599	0.415	0.615	0.642	0.633	0.385	0.705	0.566	0.681	0.641	0.566	0.567	0.234	0.678	0.664	0.687	0.706	0.653	0.672	0.507	0.696	0.713	0.64	0.675	600
L	0.079	0.067	0.231	0.054	0.067	0.156	0.095	0.099	0.173	0.071	0.248	0.242	0.06	0.061	0.055	0.058	0.055	0.056	0.286	0.052	0.222	0.272	0.059	0.048	600
M	0.707	0.538	0.537	0.621	0.631	0.061	0.627	0.076	0.7	0.054	0.617	0.061	0.684	0.087	0.731	0.617	0.612	0.664	0.648	0.573	0.61	0.689	0.56	0.635	600
N	0.071	0.089	0.149	0.126	0.091	0.223	0.083	0.209	0.085	0.175	0.058	0.057	0.087	0.084	0.069	0.051	0.054	0.051	0.05	0.05	0.081	0.237	0.055	0.052	600
O	0.609	0.586	0.708	0.054	0.451	0.699	0.658	0.16	0.726	0.063	0.605	0.618	0.71	0.23	0.776	0.069	0.706	0.211	0.695	0.637	0.621	0.61	0.68	0.664	600
P	0.055	0.322	0.07	0.05	0.072	0.057	0.06	0.187	0.063	0.062	0.067	0.053	0.079	0.071	0.062	0.212	0.232	0.058	0.092	0.087	0.052	0.083	0.057	0.095	600