Procedure Summary																									
																									
Plate Type	384 WELL PLATE																								
Read	Read:  (A) 600																								
																									
600																									
	1	2	3	4	5	6	7	8	9	10	11	12	13	14	15	16	17	18	19	20	21	22	23	24	
A	0.615	0.663	0.585	0.712	0.057	0.621	0.707	0.716	0.68	0.714	0.69	0.697	0.617	0.645	0.713	0.573	0.728	0.647	0.648	0.632	0.715	0.281	0.059	0.6	600
B	0.598	0.66	0.633	0.666	0.651	0.643	0.155	0.734	0.658	0.245	0.637	0.533	0.657	0.517	0.555	0.134	0.559	0.561	0.55	0.585	0.66	0.662	0.498	0.441	600
C	0.652	0.642	0.714	0.095	0.607	0.73	0.589	0.532	0.591	0.267	0.738	0.054	0.594	0.484	0.363	0.554	0.618	0.49	0.687	0.563	0.055	0.517	0.432	0.624	600
D	0.61	0.63	0.693	0.685	0.646	0.571	0.051	0.05	0.055	0.63	0.698	0.672	0.508	0.606	0.516	0.499	0.547	0.5	0.552	0.653	0.584	0.446	0.536	0.467	600
E	0.104	0.565	0.518	0.639	0.472	0.464	0.729	0.623	0.646	0.663	0.578	0.659	0.663	0.637	0.778	0.664	0.643	0.665	0.577	0.594	0.281	0.595	0.473	0.538	600
F	0.625	0.642	0.618	0.428	0.05	0.566	0.055	0.585	0.496	0.641	0.527	0.645	0.603	0.598	0.677	0.616	0.503	0.471	0.575	0.49	0.067	0.068	0.648	0.575	600
G	0.693	0.469	0.563	0.706	0.417	0.505	0.662	0.618	0.611	0.541	0.055	0.055	0.232	0.6	0.638	0.731	0.671	0.712	0.738	0.585	0.537	0.552	0.493	0.497	600
H	0.611	0.634	0.685	0.601	0.536	0.617	0.66	0.053	0.277	0.541	0.69	0.686	0.653	0.639	0.666	0.7	0.643	0.53	0.653	0.051	0.612	0.051	0.554	0.134	600
I	0.553	0.683	0.061	0.582	0.699	0.466	0.056	0.71	0.694	0.482	0.492	0.733	0.051	0.611	0.063	0.629	0.602	0.596	0.628	0.629	0.48	0.539	0.546	0.531	600
J	0.692	0.052	0.666	0.637	0.579	0.068	0.667	0.583	0.632	0.598	0.727	0.052	0.573	0.719	0.584	0.566	0.574	0.117	0.138	0.552	0.607	0.642	0.535	0.62	600
K	0.656	0.258	0.199	0.599	0.614	0.604	0.655	0.636	0.671	0.515	0.58	0.62	0.615	0.575	0.049	0.646	0.669	0.549	0.529	0.439	0.743	0.574	0.553	0.509	600
L	0.706	0.601	0.558	0.668	0.055	0.672	0.63	0.656	0.051	0.259	0.611	0.692	0.576	0.049	0.561	0.543	0.491	0.513	0.539	0.059	0.568	0.583	0.454	0.468	600
M	0.688	0.095	0.375	0.578	0.569	0.69	0.661	0.554	0.617	0.539	0.598	0.642	0.696	0.621	0.617	0.602	0.515	0.612	0.699	0.631	0.468	0.57	0.054	0.589	600
N	0.697	0.553	0.086	0.624	0.694	0.717	0.646	0.05	0.675	0.439	0.656	0.646	0.609	0.05	0.611	0.663	0.611	0.695	0.624	0.635	0.498	0.535	0.609	0.699	600
O	0.675	0.7	0.6	0.65	0.063	0.375	0.656	0.52	0.628	0.541	0.584	0.6	0.505	0.558	0.579	0.587	0.616	0.682	0.632	0.629	0.584	0.64	0.728	0.505	600
P	0.645	0.533	0.695	0.612	0.496	0.563	0.057	0.625	0.599	0.568	0.491	0.486	0.563	0.562	0.577	0.19	0.595	0.499	0.553	0.551	0.532	0.493	0.452	0.051	600