Procedure Summary																									
																									
Plate Type	384 WELL PLATE																								
Read	Read:  (A) 600																								
																									
600																									
	1	2	3	4	5	6	7	8	9	10	11	12	13	14	15	16	17	18	19	20	21	22	23	24	
A	0.197	0.562	0.13	0.6	0.076	0.658	0.058	0.758	0.051	0.57	0.119	0.618	0.104	0.52	0.067	0.559	0.057	0.627	0.061	0.587	0.057	0.479	0.239	0.634	600
B	0.118	0.163	0.052	0.066	0.163	0.057	0.104	0.06	0.082	0.125	0.05	0.116	0.063	0.051	0.049	0.069	0.052	0.128	0.051	0.057	0.05	0.049	0.057	0.061	600
C	0.069	0.547	0.079	0.503	0.063	0.724	0.086	0.537	0.055	0.692	0.055	0.634	0.048	0.528	0.047	0.498	0.06	0.606	0.05	0.564	0.573	0.388	0.545	0.55	600
D	0.066	0.061	0.066	0.059	0.071	0.062	0.052	0.053	0.058	0.097	0.058	0.068	0.052	0.091	0.063	0.052	0.049	0.054	0.117	0.054	0.054	0.06	0.099	0.309	600
E	0.099	0.057	0.056	0.557	0.129	0.489	0.055	0.058	0.063	0.759	0.085	0.652	0.058	0.703	0.055	0.64	0.053	0.578	0.054	0.603	0.057	0.516	0.059	0.593	600
F	0.073	0.057	0.057	0.056	0.057	0.079	0.051	0.049	0.052	0.051	0.052	0.052	0.066	0.052	0.055	0.061	0.059	0.051	0.063	0.054	0.051	0.052	0.051	0.055	600
G	0.105	0.573	0.064	0.68	0.056	0.662	0.068	0.498	0.067	0.737	0.606	0.486	0.068	0.602	0.064	0.056	0.056	0.711	0.537	0.63	0.062	0.55	0.175	0.623	600
H	0.15	0.082	0.068	0.058	0.063	0.058	0.052	0.055	0.055	0.056	0.055	0.054	0.055	0.071	0.049	0.052	0.06	0.06	0.063	0.06	0.068	0.054	0.049	0.058	600
I	0.65	0.526	0.694	0.059	0.426	0.603	0.657	0.662	0.077	0.472	0.751	0.614	0.056	0.681	0.636	0.674	0.056	0.519	0.621	0.592	0.582	0.626	0.787	0.548	600
J	0.099	0.061	0.054	0.14	0.054	0.055	0.079	0.076	0.108	0.054	0.069	0.056	0.053	0.057	0.056	0.053	0.049	0.053	0.054	0.05	0.066	0.052	0.091	0.252	600
K	0.649	0.503	0.543	0.704	0.639	0.475	0.483	0.689	0.666	0.708	0.739	0.498	0.051	0.613	0.562	0.705	0.653	0.605	0.716	0.644	0.623	0.631	0.541	0.567	600
L	0.06	0.057	0.155	0.158	0.06	0.108	0.058	0.057	0.099	0.071	0.054	0.059	0.055	0.054	0.053	0.054	0.047	0.053	0.052	0.062	0.055	0.057	0.124	0.06	600
M	0.671	0.599	0.602	0.727	0.701	0.063	0.654	0.07	0.6	0.055	0.688	0.059	0.738	0.065	0.56	0.54	0.49	0.591	0.655	0.622	0.472	0.569	0.666	0.662	600
N	0.054	0.057	0.066	0.052	0.062	0.056	0.055	0.055	0.065	0.052	0.064	0.052	0.059	0.055	0.056	0.061	0.062	0.051	0.05	0.052	0.063	0.06	0.093	0.057	600
O	0.557	0.663	0.499	0.053	0.852	0.736	0.639	0.066	0.733	0.072	0.516	0.654	0.575	0.067	0.605	0.06	0.601	0.061	0.676	0.414	0.528	0.618	0.669	0.473	600
P	0.071	0.202	0.069	0.063	0.051	0.113	0.054	0.125	0.056	0.06	0.064	0.05	0.06	0.056	0.06	0.059	0.069	0.054	0.262	0.055	0.054	0.06	0.051	0.052	600