Procedure Summary																									
																									
Plate Type	384 WELL PLATE																								
Read	Read:  (A) 600																								
																									
600																									
	1	2	3	4	5	6	7	8	9	10	11	12	13	14	15	16	17	18	19	20	21	22	23	24	
A	0.596	0.107	0.54	0.579	0.423	0.381	0.419	0.544	0.413	0.557	0.53	0.564	0.565	0.055	0.181	0.514	0.48	0.054	0.569	0.049	0.429	0.059	0.499	0.594	600
B	0.433	0.636	0.582	0.49	0.082	0.522	0.634	0.556	0.545	0.622	0.713	0.528	0.132	0.601	0.623	0.51	0.573	0.652	0.6	0.469	0.582	0.479	0.474	0.538	600
C	0.386	0.448	0.529	0.058	0.456	0.055	0.586	0.527	0.465	0.054	0.537	0.051	0.494	0.49	0.51	0.118	0.57	0.067	0.43	0.514	0.511	0.05	0.521	0.465	600
D	0.367	0.05	0.582	0.58	0.058	0.058	0.459	0.552	0.506	0.542	0.573	0.528	0.578	0.627	0.649	0.597	0.363	0.047	0.591	0.488	0.472	0.572	0.499	0.704	600
E	0.489	0.536	0.51	0.052	0.445	0.538	0.461	0.445	0.538	0.607	0.048	0.05	0.048	0.524	0.247	0.046	0.468	0.468	0.545	0.495	0.616	0.049	0.558	0.111	600
F	0.483	0.412	0.47	0.422	0.049	0.495	0.401	0.441	0.512	0.4	0.471	0.471	0.509	0.435	0.522	0.594	0.606	0.528	0.477	0.424	0.591	0.516	0.572	0.562	600
G	0.435	0.449	0.494	0.451	0.477	0.505	0.448	0.05	0.462	0.364	0.048	0.048	0.567	0.62	0.564	0.05	0.569	0.577	0.526	0.52	0.048	0.527	0.573	0.502	600
H	0.399	0.444	0.496	0.461	0.495	0.465	0.517	0.048	0.605	0.498	0.471	0.516	0.051	0.613	0.589	0.579	0.487	0.672	0.434	0.585	0.49	0.048	0.459	0.057	600
I	0.411	0.568	0.453	0.426	0.508	0.593	0.48	0.579	0.444	0.442	0.548	0.072	0.051	0.051	0.571	0.049	0.574	0.699	0.05	0.624	0.047	0.557	0.523	0.537	600
J	0.263	0.421	0.523	0.547	0.498	0.469	0.057	0.535	0.498	0.618	0.528	0.519	0.418	0.571	0.048	0.617	0.488	0.553	0.584	0.048	0.545	0.561	0.549	0.622	600
K	0.475	0.529	0.523	0.455	0.413	0.487	0.418	0.581	0.482	0.445	0.518	0.049	0.547	0.555	0.05	0.599	0.048	0.047	0.046	0.639	0.048	0.52	0.569	0.516	600
L	0.406	0.415	0.398	0.468	0.417	0.628	0.435	0.488	0.575	0.513	0.564	0.597	0.561	0.05	0.09	0.513	0.484	0.523	0.512	0.058	0.557	0.524	0.443	0.543	600
M	0.078	0.425	0.357	0.47	0.054	0.405	0.504	0.438	0.055	0.556	0.522	0.574	0.657	0.052	0.514	0.638	0.051	0.592	0.522	0.504	0.576	0.568	0.052	0.688	600
N	0.453	0.137	0.394	0.407	0.409	0.438	0.329	0.463	0.444	0.367	0.608	0.557	0.468	0.495	0.515	0.559	0.528	0.568	0.496	0.586	0.553	0.569	0.053	0.552	600
O	0.418	0.369	0.056	0.594	0.059	0.565	0.063	0.492	0.052	0.447	0.452	0.45	0.42	0.425	0.463	0.437	0.585	0.515	0.049	0.522	0.562	0.521	0.05	0.123	600
P	0.401	0.432	0.438	0.506	0.358	0.443	0.391	0.56	0.541	0.496	0.554	0.323	0.372	0.392	0.359	0.545	0.46	0.408	0.444	0.578	0.401	0.553	0.464	0.493	600