Procedure Summary																									
																									
Plate Type	384 WELL PLATE																								
Read	Read:  (A) 600																								
																									
600																									
	1	2	3	4	5	6	7	8	9	10	11	12	13	14	15	16	17	18	19	20	21	22	23	24	
A	0.649	0.649	0.528	0.583	0.064	0.505	0.562	0.654	0.571	0.602	0.62	0.596	0.595	0.547	0.549	0.603	0.503	0.559	0.597	0.647	0.513	0.054	0.056	0.54	600
B	0.619	0.618	0.611	0.584	0.664	0.562	0.127	0.585	0.621	0.137	0.58	0.749	0.356	0.518	0.555	0.06	0.494	0.566	0.542	0.527	0.596	0.438	0.54	0.491	600
C	0.562	0.624	0.615	0.063	0.54	0.613	0.635	0.659	0.641	0.052	0.664	0.051	0.494	0.433	0.636	0.45	0.691	0.553	0.524	0.559	0.055	0.528	0.527	0.559	600
D	0.524	0.593	0.567	0.611	0.56	0.643	0.057	0.053	0.055	0.573	0.63	0.642	0.564	0.671	0.573	0.664	0.613	0.527	0.527	0.54	0.597	0.412	0.652	0.612	600
E	0.094	0.707	0.643	0.669	0.651	0.644	0.556	0.597	0.509	0.728	0.608	0.575	0.606	0.638	0.739	0.555	0.572	0.577	0.475	0.573	0.05	0.492	0.51	0.627	600
F	0.661	0.567	0.638	0.58	0.051	0.646	0.05	0.56	0.571	0.542	0.582	0.577	0.677	0.644	0.522	0.511	0.541	0.622	0.571	0.576	0.048	0.05	0.603	0.656	600
G	0.6	0.665	0.518	0.552	0.662	0.626	0.573	0.629	0.576	0.575	0.052	0.054	0.088	0.539	0.691	0.604	0.675	0.627	0.618	0.556	0.58	0.537	0.635	0.434	600
H	0.641	0.58	0.564	0.593	0.722	0.567	0.633	0.055	0.048	0.526	0.637	0.594	0.661	0.638	0.633	0.644	0.596	0.535	0.532	0.053	0.525	0.048	0.492	0.057	600
I	0.643	0.67	0.064	0.611	0.703	0.702	0.055	0.569	0.594	0.585	0.696	0.656	0.064	0.602	0.059	0.643	0.626	0.553	0.654	0.599	0.557	0.619	0.612	0.546	600
J	0.622	0.056	0.684	0.511	0.638	0.055	0.671	0.748	0.708	0.51	0.691	0.053	0.488	0.58	0.559	0.508	0.63	0.052	0.049	0.547	0.595	0.639	0.574	0.497	600
K	0.673	0.149	0.064	0.617	0.665	0.696	0.692	0.689	0.613	0.666	0.682	0.66	0.577	0.601	0.057	0.553	0.637	0.559	0.692	0.552	0.468	0.641	0.575	0.57	600
L	0.688	0.582	0.701	0.66	0.087	0.63	0.541	0.546	0.058	0.047	0.619	0.575	0.581	0.057	0.507	0.576	0.479	0.532	0.574	0.053	0.39	0.586	0.496	0.482	600
M	0.695	0.056	0.527	0.63	0.607	0.71	0.643	0.68	0.577	0.51	0.66	0.596	0.705	0.364	0.517	0.496	0.469	0.567	0.647	0.549	0.389	0.513	0.061	0.577	600
N	0.64	0.663	0.101	0.556	0.631	0.556	0.356	0.054	0.518	0.448	0.591	0.65	0.491	0.054	0.513	0.642	0.575	0.564	0.671	0.599	0.471	0.493	0.62	0.529	600
O	0.506	0.607	0.564	0.688	0.069	0.673	0.551	0.59	0.699	0.555	0.548	0.661	0.523	0.599	0.493	0.61	0.457	0.536	0.654	0.415	0.564	0.563	0.614	0.445	600
P	0.48	0.263	0.641	0.632	0.516	0.555	0.056	0.663	0.535	0.639	0.621	0.462	0.505	0.527	0.635	0.059	0.662	0.458	0.462	0.539	0.479	0.541	0.403	0.059	600