Procedure Summary																									
																									
Plate Type	384 WELL PLATE																								
Read	Read:  (A) 600																								
																									
600																									
	1	2	3	4	5	6	7	8	9	10	11	12	13	14	15	16	17	18	19	20	21	22	23	24	
A	0.642	0.581	0.574	0.584	0.269	0.717	0.502	0.563	0.595	0.515	0.661	0.509	0.58	0.54	0.65	0.461	0.617	0.484	0.679	0.681	0.656	0.286	0.105	0.553	600
B	0.667	0.637	0.641	0.602	0.69	0.625	0.069	0.424	0.563	0.247	0.653	0.693	0.688	0.407	0.651	0.048	0.437	0.573	0.612	0.661	0.559	0.414	0.5	0.571	600
C	0.593	0.591	0.563	0.058	0.406	0.507	0.66	0.624	0.603	0.195	0.701	0.062	0.349	0.581	0.459	0.428	0.649	0.538	0.538	0.439	0.094	0.496	0.482	0.569	600
D	0.566	0.588	0.463	0.645	0.582	0.623	0.092	0.052	0.053	0.45	0.618	0.546	0.585	0.38	0.554	0.464	0.542	0.438	0.561	0.584	0.551	0.391	0.538	0.514	600
E	0.106	0.596	0.482	0.575	0.661	0.563	0.56	0.614	0.458	0.692	0.632	0.65	0.663	0.546	0.561	0.581	0.595	0.535	0.551	0.407	0.288	0.561	0.477	0.443	600
F	0.592	0.596	0.637	0.545	0.051	0.563	0.05	0.495	0.624	0.516	0.595	0.648	0.587	0.511	0.555	0.635	0.504	0.525	0.531	0.581	0.05	0.048	0.409	0.53	600
G	0.62	0.626	0.56	0.638	0.62	0.613	0.504	0.68	0.591	0.503	0.08	0.05	0.052	0.05	0.608	0.491	0.62	0.479	0.503	0.628	0.464	0.462	0.412	0.511	600
H	0.673	0.546	0.589	0.656	0.628	0.622	0.614	0.052	0.071	0.718	0.497	0.6	0.596	0.696	0.672	0.692	0.513	0.444	0.525	0.049	0.616	0.051	0.681	0.059	600
I	0.574	0.603	0.061	0.574	0.717	0.667	0.073	0.438	0.611	0.569	0.723	0.61	0.058	0.575	0.05	0.586	0.57	0.543	0.736	0.546	0.574	0.655	0.497	0.549	600
J	0.689	0.069	0.705	0.493	0.635	0.055	0.677	0.721	0.641	0.529	0.682	0.051	0.515	0.533	0.586	0.555	0.603	0.05	0.052	0.536	0.524	0.696	0.54	0.549	600
K	0.626	0.113	0.068	0.641	0.665	0.53	0.679	0.593	0.609	0.561	0.493	0.645	0.613	0.682	0.05	0.611	0.613	0.537	0.687	0.61	0.68	0.703	0.628	0.582	600
L	0.574	0.641	0.634	0.643	0.055	0.625	0.474	0.691	0.068	0.063	0.547	0.643	0.61	0.052	0.582	0.516	0.507	0.568	0.689	0.05	0.52	0.61	0.476	0.53	600
M	0.247	0.062	0.529	0.633	0.439	0.623	0.642	0.553	0.487	0.669	0.575	0.586	0.713	0.643	0.586	0.659	0.517	0.523	0.537	0.498	0.391	0.55	0.056	0.642	600
N	0.426	0.59	0.063	0.567	0.582	0.619	0.681	0.054	0.52	0.499	0.651	0.585	0.544	0.051	0.514	0.616	0.568	0.518	0.72	0.663	0.449	0.57	0.63	0.709	600
O	0.573	0.586	0.501	0.664	0.067	0.656	0.663	0.671	0.702	0.611	0.55	0.509	0.648	0.58	0.621	0.579	0.542	0.563	0.69	0.642	0.474	0.595	0.586	0.604	600
P	0.55	0.581	0.693	0.611	0.458	0.591	0.05	0.693	0.494	0.582	0.61	0.357	0.681	0.41	0.635	0.052	0.663	0.545	0.514	0.512	0.601	0.494	0.551	0.076	600