Procedure Summary																									
																									
Plate Type	384 WELL PLATE																								
Read	Read:  (A) 600																								
																									
600																									
	1	2	3	4	5	6	7	8	9	10	11	12	13	14	15	16	17	18	19	20	21	22	23	24	
A	0.173	0.446	0.089	0.457	0.062	0.635	0.068	0.547	0.069	0.609	0.301	0.677	0.067	0.554	0.252	0.506	0.279	0.598	0.108	0.654	0.082	0.497	0.566	0.49	600
B	0.089	0.055	0.067	0.057	0.14	0.107	0.065	0.059	0.058	0.068	0.064	0.053	0.076	0.051	0.152	0.059	0.054	0.073	0.262	0.055	0.3	0.063	0.121	0.137	600
C	0.067	0.514	0.068	0.467	0.077	0.608	0.092	0.582	0.06	0.562	0.057	0.645	0.07	0.542	0.061	0.621	0.311	0.473	0.055	0.524	0.594	0.547	0.559	0.597	600
D	0.057	0.057	0.055	0.052	0.058	0.106	0.062	0.056	0.055	0.063	0.074	0.08	0.052	0.053	0.103	0.11	0.052	0.072	0.052	0.051	0.052	0.058	0.216	0.066	600
E	0.111	0.072	0.072	0.524	0.068	0.432	0.062	0.5	0.066	0.626	0.049	0.511	0.054	0.54	0.518	0.565	0.067	0.53	0.197	0.53	0.06	0.489	0.078	0.601	600
F	0.085	0.054	0.111	0.057	0.061	0.059	0.054	0.061	0.053	0.049	0.057	0.07	0.057	0.053	0.054	0.053	0.051	0.05	0.05	0.054	0.053	0.051	0.05	0.099	600
G	0.081	0.43	0.068	0.416	0.069	0.521	0.079	0.492	0.058	0.606	0.374	0.524	0.058	0.52	0.055	0.463	0.074	0.589	0.558	0.574	0.061	0.505	0.062	0.702	600
H	0.098	0.061	0.081	0.05	0.059	0.059	0.053	0.051	0.061	0.049	0.053	0.061	0.056	0.06	0.056	0.056	0.053	0.087	0.056	0.05	0.06	0.054	0.212	0.078	600
I	0.424	0.424	0.412	0.399	0.452	0.404	0.416	0.609	0.052	0.38	0.454	0.551	0.378	0.513	0.454	0.614	0.058	0.53	0.521	0.724	0.588	0.594	0.551	0.644	600
J	0.072	0.064	0.062	0.069	0.059	0.061	0.055	0.057	0.067	0.058	0.075	0.054	0.055	0.058	0.065	0.06	0.052	0.051	0.059	0.053	0.181	0.05	0.054	0.306	600
K	0.403	0.396	0.483	0.433	0.451	0.077	0.412	0.348	0.436	0.425	0.412	0.639	0.067	0.568	0.5	0.651	0.526	0.606	0.601	0.62	0.606	0.407	0.532	0.552	600
L	0.056	0.056	0.073	0.055	0.057	0.053	0.051	0.057	0.056	0.059	0.084	0.053	0.06	0.052	0.052	0.054	0.059	0.054	0.052	0.051	0.08	0.065	0.055	0.053	600
M	0.47	0.402	0.435	0.053	0.401	0.066	0.499	0.056	0.413	0.051	0.422	0.056	0.431	0.072	0.417	0.638	0.484	0.612	0.497	0.57	0.48	0.646	0.575	0.633	600
N	0.055	0.056	0.053	0.074	0.052	0.054	0.053	0.053	0.059	0.078	0.054	0.053	0.06	0.056	0.062	0.055	0.062	0.057	0.05	0.065	0.055	0.058	0.055	0.052	600
O	0.426	0.484	0.284	0.068	0.363	0.343	0.418	0.063	0.51	0.059	0.501	0.458	0.59	0.418	0.394	0.061	0.467	0.065	0.615	0.502	0.577	0.588	0.563	0.652	600
P	0.054	0.234	0.102	0.054	0.051	0.052	0.052	0.056	0.051	0.058	0.06	0.052	0.063	0.059	0.057	0.059	0.057	0.092	0.06	0.057	0.053	0.054	0.057	0.07	600