Procedure Summary																									
																									
Plate Type	384 WELL PLATE																								
Read	Read:  (A) 600																								
																									
600																									
	1	2	3	4	5	6	7	8	9	10	11	12	13	14	15	16	17	18	19	20	21	22	23	24	
A	0.601	0.642	0.587	0.579	0.552	0.506	0.628	0.601	0.613	0.485	0.646	0.582	0.583	0.596	0.671	0.697	0.521	0.642	0.484	0.536	0.649	0.498	0.529	0.488	600
B	0.417	0.593	0.535	0.52	0.684	0.518	0.579	0.636	0.638	0.594	0.653	0.708	0.595	0.053	0.625	0.062	0.498	0.599	0.572	0.554	0.6	0.58	0.551	0.509	600
C	0.433	0.494	0.534	0.074	0.53	0.544	0.681	0.648	0.566	0.645	0.632	0.578	0.492	0.057	0.051	0.481	0.571	0.586	0.529	0.575	0.589	0.485	0.396	0.556	600
D	0.487	0.051	0.653	0.06	0.505	0.507	0.695	0.664	0.527	0.558	0.526	0.565	0.623	0.698	0.471	0.468	0.473	0.371	0.592	0.566	0.58	0.443	0.415	0.621	600
E	0.474	0.508	0.581	0.058	0.647	0.591	0.58	0.587	0.487	0.679	0.64	0.55	0.633	0.511	0.668	0.545	0.548	0.576	0.598	0.616	0.614	0.488	0.316	0.568	600
F	0.523	0.054	0.538	0.614	0.542	0.588	0.492	0.522	0.634	0.474	0.506	0.517	0.575	0.593	0.585	0.613	0.606	0.597	0.519	0.047	0.493	0.45	0.465	0.576	600
G	0.47	0.568	0.563	0.062	0.553	0.543	0.486	0.063	0.066	0.485	0.529	0.661	0.611	0.533	0.532	0.456	0.539	0.623	0.569	0.574	0.686	0.505	0.436	0.452	600
H	0.471	0.614	0.571	0.625	0.569	0.534	0.524	0.464	0.059	0.587	0.358	0.622	0.491	0.585	0.577	0.502	0.476	0.556	0.601	0.618	0.055	0.278	0.482	0.479	600
I	0.452	0.067	0.501	0.509	0.514	0.512	0.518	0.583	0.48	0.097	0.616	0.604	0.441	0.553	0.562	0.549	0.592	0.645	0.561	0.698	0.72	0.569	0.058	0.499	600
J	0.42	0.534	0.626	0.582	0.582	0.567	0.551	0.608	0.511	0.05	0.595	0.629	0.127	0.484	0.486	0.492	0.522	0.596	0.494	0.543	0.602	0.568	0.601	0.602	600
K	0.474	0.629	0.563	0.601	0.535	0.537	0.529	0.606	0.547	0.487	0.507	0.643	0.565	0.072	0.403	0.56	0.464	0.496	0.499	0.485	0.516	0.497	0.222	0.058	600
L	0.385	0.476	0.557	0.513	0.55	0.587	0.514	0.58	0.394	0.548	0.327	0.565	0.476	0.406	0.453	0.49	0.48	0.453	0.544	0.562	0.496	0.447	0.466	0.497	600
M	0.454	0.597	0.453	0.61	0.481	0.487	0.533	0.459	0.476	0.047	0.425	0.47	0.355	0.356	0.432	0.532	0.378	0.53	0.473	0.613	0.469	0.522	0.587	0.712	600
N	0.449	0.469	0.522	0.075	0.486	0.434	0.242	0.45	0.361	0.425	0.415	0.424	0.325	0.055	0.41	0.427	0.396	0.506	0.489	0.509	0.493	0.398	0.566	0.486	600
O	0.335	0.489	0.491	0.613	0.611	0.485	0.412	0.057	0.407	0.484	0.403	0.378	0.35	0.528	0.32	0.362	0.348	0.55	0.514	0.425	0.054	0.358	0.523	0.411	600
P	0.368	0.447	0.495	0.42	0.325	0.342	0.352	0.466	0.056	0.489	0.34	0.297	0.324	0.337	0.371	0.529	0.349	0.277	0.166	0.581	0.41	0.41	0.44	0.462	600