Procedure Summary																									
																									
Plate Type	384 WELL PLATE																								
Read	Read:  (A) 600																								
																									
600																									
	1	2	3	4	5	6	7	8	9	10	11	12	13	14	15	16	17	18	19	20	21	22	23	24	
A	0.193	0.551	0.598	0.459	0.299	0.497	0.459	0.507	0.522	0.561	0.184	0.48	0.545	0.51	0.6	0.491	0.07	0.116	0.086	0.632	0.472	0.496	0.618	0.593	600
B	0.504	0.591	0.508	0.473	0.541	0.419	0.643	0.511	0.541	0.598	0.493	0.54	0.537	0.476	0.54	0.416	0.486	0.575	0.63	0.052	0.644	0.516	0.051	0.582	600
C	0.496	0.466	0.502	0.284	0.481	0.592	0.532	0.407	0.606	0.554	0.619	0.056	0.421	0.458	0.049	0.514	0.59	0.509	0.642	0.462	0.459	0.554	0.527	0.487	600
D	0.434	0.408	0.475	0.512	0.514	0.53	0.514	0.572	0.051	0.555	0.587	0.555	0.442	0.5	0.052	0.533	0.509	0.479	0.541	0.049	0.535	0.461	0.553	0.068	600
E	0.492	0.64	0.596	0.507	0.499	0.624	0.437	0.536	0.513	0.532	0.057	0.567	0.052	0.507	0.643	0.581	0.5	0.548	0.467	0.45	0.518	0.402	0.441	0.585	600
F	0.605	0.589	0.546	0.485	0.538	0.487	0.522	0.51	0.531	0.556	0.049	0.549	0.52	0.548	0.474	0.49	0.47	0.046	0.591	0.051	0.449	0.545	0.526	0.593	600
G	0.555	0.652	0.513	0.052	0.648	0.612	0.423	0.493	0.429	0.53	0.531	0.497	0.596	0.507	0.574	0.547	0.515	0.563	0.533	0.523	0.435	0.517	0.341	0.483	600
H	0.605	0.52	0.517	0.533	0.054	0.502	0.593	0.543	0.617	0.427	0.623	0.469	0.684	0.557	0.437	0.584	0.519	0.485	0.498	0.054	0.513	0.423	0.501	0.417	600
I	0.573	0.695	0.518	0.508	0.052	0.655	0.551	0.642	0.561	0.515	0.535	0.742	0.615	0.052	0.605	0.576	0.574	0.632	0.53	0.549	0.489	0.049	0.594	0.649	600
J	0.527	0.479	0.561	0.443	0.591	0.494	0.631	0.558	0.51	0.567	0.543	0.052	0.574	0.494	0.508	0.582	0.528	0.528	0.457	0.512	0.577	0.544	0.359	0.623	600
K	0.596	0.603	0.686	0.587	0.562	0.595	0.588	0.642	0.516	0.623	0.664	0.643	0.405	0.517	0.431	0.55	0.555	0.523	0.05	0.518	0.551	0.599	0.614	0.46	600
L	0.498	0.552	0.581	0.576	0.668	0.573	0.557	0.686	0.491	0.496	0.574	0.471	0.517	0.354	0.595	0.466	0.477	0.049	0.6	0.438	0.422	0.589	0.485	0.059	600
M	0.652	0.512	0.513	0.526	0.052	0.555	0.557	0.585	0.463	0.052	0.497	0.489	0.643	0.526	0.485	0.514	0.443	0.479	0.605	0.052	0.459	0.531	0.06	0.636	600
N	0.438	0.587	0.507	0.465	0.627	0.557	0.433	0.413	0.504	0.536	0.477	0.435	0.579	0.471	0.493	0.598	0.48	0.495	0.559	0.584	0.547	0.469	0.551	0.063	600
O	0.466	0.615	0.571	0.544	0.5	0.568	0.429	0.6	0.61	0.486	0.474	0.552	0.445	0.551	0.528	0.571	0.458	0.545	0.58	0.408	0.54	0.512	0.571	0.542	600
P	0.453	0.453	0.445	0.613	0.461	0.447	0.053	0.545	0.408	0.607	0.469	0.42	0.371	0.469	0.057	0.395	0.462	0.477	0.362	0.529	0.399	0.435	0.399	0.389	600