Procedure Summary																									
																									
Plate Type	384 WELL PLATE																								
Read	Read:  (A) 600																								
																									
600																									
	1	2	3	4	5	6	7	8	9	10	11	12	13	14	15	16	17	18	19	20	21	22	23	24	
A	0.594	0.062	0.596	0.645	0.578	0.627	0.623	0.563	0.618	0.608	0.649	0.66	0.638	0.059	0.057	0.562	0.646	0.05	0.624	0.05	0.509	0.054	0.585	0.526	600
B	0.585	0.6	0.667	0.596	0.05	0.399	0.643	0.607	0.586	0.572	0.624	0.418	0.054	0.593	0.667	0.649	0.543	0.601	0.545	0.501	0.569	0.525	0.621	0.356	600
C	0.633	0.436	0.515	0.051	0.617	0.053	0.662	0.673	0.662	0.056	0.571	0.049	0.603	0.611	0.644	0.06	0.514	0.064	0.548	0.522	0.571	0.051	0.5	0.252	600
D	0.618	0.054	0.474	0.665	0.055	0.048	0.66	0.59	0.649	0.598	0.704	0.611	0.596	0.699	0.732	0.463	0.466	0.049	0.652	0.598	0.631	0.54	0.613	0.444	600
E	0.545	0.634	0.665	0.052	0.64	0.599	0.601	0.617	0.619	0.598	0.053	0.05	0.053	0.638	0.433	0.051	0.674	0.582	0.413	0.518	0.524	0.05	0.42	0.051	600
F	0.505	0.566	0.686	0.557	0.048	0.627	0.629	0.556	0.552	0.623	0.603	0.679	0.547	0.582	0.665	0.652	0.632	0.575	0.613	0.455	0.507	0.518	0.645	0.437	600
G	0.616	0.572	0.534	0.619	0.66	0.599	0.729	0.049	0.502	0.678	0.052	0.056	0.634	0.596	0.696	0.053	0.593	0.619	0.566	0.646	0.051	0.458	0.461	0.359	600
H	0.63	0.653	0.573	0.61	0.704	0.539	0.668	0.049	0.673	0.648	0.595	0.567	0.051	0.678	0.654	0.619	0.612	0.626	0.571	0.586	0.649	0.052	0.504	0.05	600
I	0.611	0.557	0.668	0.611	0.717	0.662	0.672	0.564	0.502	0.598	0.715	0.053	0.052	0.054	0.652	0.052	0.052	0.655	0.052	0.515	0.052	0.601	0.571	0.434	600
J	0.052	0.646	0.603	0.668	0.632	0.627	0.053	0.653	0.66	0.68	0.646	0.59	0.578	0.636	0.051	0.583	0.474	0.665	0.564	0.051	0.492	0.619	0.473	0.398	600
K	0.563	0.578	0.706	0.655	0.641	0.698	0.621	0.607	0.487	0.592	0.556	0.103	0.542	0.644	0.056	0.632	0.053	0.051	0.05	0.506	0.05	0.551	0.486	0.503	600
L	0.57	0.591	0.562	0.504	0.6	0.634	0.576	0.606	0.599	0.517	0.669	0.714	0.407	0.054	0.496	0.616	0.611	0.621	0.667	0.049	0.452	0.573	0.404	0.479	600
M	0.065	0.599	0.543	0.62	0.054	0.566	0.499	0.565	0.058	0.697	0.528	0.697	0.712	0.053	0.617	0.688	0.055	0.602	0.69	0.505	0.406	0.47	0.052	0.479	600
N	0.526	0.061	0.559	0.59	0.637	0.715	0.62	0.601	0.678	0.579	0.656	0.627	0.663	0.616	0.61	0.664	0.596	0.573	0.686	0.671	0.4	0.451	0.054	0.662	600
O	0.444	0.433	0.068	0.605	0.055	0.674	0.056	0.575	0.059	0.486	0.399	0.586	0.522	0.549	0.706	0.536	0.593	0.512	0.05	0.531	0.47	0.438	0.054	0.051	600
P	0.486	0.507	0.647	0.486	0.425	0.513	0.63	0.656	0.646	0.617	0.575	0.557	0.531	0.584	0.695	0.603	0.652	0.512	0.467	0.404	0.516	0.416	0.369	0.444	600