Procedure Summary																									
																									
Plate Type	384 WELL PLATE																								
Read	Read:  (A) 600																								
																									
600																									
	1	2	3	4	5	6	7	8	9	10	11	12	13	14	15	16	17	18	19	20	21	22	23	24	
A	0.605	0.595	0.576	0.5	0.574	0.58	0.607	0.605	0.437	0.662	0.648	0.268	0.629	0.622	0.626	0.608	0.624	0.553	0.678	0.585	0.487	0.655	0.686	0.674	600
B	0.564	0.653	0.637	0.457	0.668	0.674	0.635	0.431	0.518	0.699	0.555	0.71	0.635	0.048	0.62	0.086	0.599	0.636	0.708	0.644	0.627	0.744	0.633	0.614	600
C	0.608	0.584	0.586	0.087	0.6	0.622	0.68	0.669	0.537	0.721	0.68	0.731	0.561	0.186	0.57	0.651	0.66	0.484	0.568	0.652	0.607	0.661	0.593	0.62	600
D	0.523	0.055	0.594	0.05	0.592	0.608	0.657	0.525	0.623	0.558	0.669	0.645	0.615	0.64	0.696	0.611	0.597	0.679	0.66	0.651	0.663	0.658	0.65	0.642	600
E	0.59	0.546	0.595	0.055	0.633	0.548	0.588	0.48	0.612	0.549	0.65	0.078	0.686	0.426	0.416	0.361	0.437	0.675	0.587	0.499	0.688	0.603	0.563	0.581	600
F	0.507	0.055	0.663	0.626	0.65	0.555	0.62	0.603	0.623	0.644	0.647	0.612	0.53	0.53	0.633	0.614	0.713	0.63	0.596	0.048	0.61	0.573	0.554	0.55	600
G	0.518	0.626	0.657	0.048	0.686	0.641	0.699	0.082	0.066	0.595	0.422	0.619	0.62	0.534	0.576	0.651	0.657	0.657	0.635	0.681	0.606	0.55	0.487	0.631	600
H	0.648	0.613	0.612	0.552	0.603	0.621	0.549	0.627	0.638	0.714	0.577	0.651	0.306	0.685	0.589	0.688	0.625	0.612	0.613	0.611	0.049	0.473	0.52	0.558	600
I	0.687	0.084	0.604	0.697	0.687	0.63	0.492	0.738	0.588	0.085	0.642	0.675	0.531	0.546	0.456	0.787	0.467	0.515	0.499	0.714	0.73	0.444	0.051	0.608	600
J	0.681	0.69	0.678	0.697	0.62	0.545	0.611	0.634	0.649	0.202	0.659	0.587	0.092	0.58	0.619	0.668	0.654	0.53	0.586	0.588	0.693	0.646	0.587	0.721	600
K	0.617	0.729	0.706	0.693	0.662	0.685	0.624	0.698	0.609	0.652	0.68	0.693	0.651	0.05	0.693	0.69	0.601	0.717	0.629	0.659	0.665	0.629	0.074	0.605	600
L	0.68	0.584	0.721	0.67	0.696	0.686	0.597	0.638	0.621	0.62	0.729	0.619	0.686	0.655	0.676	0.615	0.519	0.673	0.729	0.603	0.645	0.762	0.713	0.578	600
M	0.599	0.601	0.588	0.62	0.693	0.597	0.707	0.775	0.648	0.054	0.596	0.646	0.72	0.646	0.731	0.506	0.661	0.749	0.4	0.692	0.629	0.696	0.666	0.737	600
N	0.612	0.596	0.62	0.088	0.634	0.645	0.56	0.643	0.626	0.481	0.557	0.518	0.611	0.078	0.601	0.548	0.642	0.66	0.618	0.5	0.657	0.694	0.762	0.718	600
O	0.659	0.599	0.671	0.708	0.632	0.665	0.467	0.075	0.512	0.649	0.704	0.62	0.712	0.685	0.425	0.599	0.719	0.75	0.716	0.719	0.051	0.693	0.649	0.609	600
P	0.6	0.663	0.675	0.686	0.58	0.703	0.662	0.549	0.06	0.616	0.623	0.653	0.672	0.599	0.63	0.714	0.698	0.752	0.053	0.71	0.55	0.679	0.65	0.492	600