Procedure Summary																									
																									
Plate Type	384 WELL PLATE																								
Read	Read:  (A) 600																								
																									
600																									
	1	2	3	4	5	6	7	8	9	10	11	12	13	14	15	16	17	18	19	20	21	22	23	24	
A	0.061	0.57	0.659	0.4	0.955	0.471	0.698	0.699	0.521	0.605	0.058	0.564	0.547	0.625	0.706	0.664	0.072	0.061	0.086	0.567	0.62	0.569	0.582	0.643	600
B	0.523	0.573	0.59	0.554	0.527	0.554	0.495	0.53	0.633	0.498	0.535	0.551	0.597	0.55	0.716	0.721	0.595	0.544	0.632	0.049	0.611	0.566	0.058	0.578	600
C	0.488	0.554	0.512	0.602	0.489	0.625	0.726	0.681	0.67	0.654	0.698	0.052	0.562	0.622	0.049	0.711	0.691	0.584	0.661	0.631	0.654	0.627	0.612	0.485	600
D	0.407	0.52	0.503	0.549	0.626	0.532	0.701	0.638	0.049	0.562	0.485	0.729	0.624	0.656	0.054	0.62	0.625	0.608	0.661	0.049	0.652	0.622	0.56	0.064	600
E	0.524	0.623	0.571	0.649	0.59	0.62	0.606	0.691	0.58	0.704	0.049	0.603	0.049	0.589	0.47	0.658	0.638	0.685	0.672	0.663	0.66	0.441	0.519	0.581	600
F	0.522	0.568	0.599	0.614	0.605	0.692	0.603	0.588	0.506	0.662	0.049	0.6	0.677	0.636	0.636	0.631	0.618	0.047	0.575	0.048	0.511	0.565	0.613	0.641	600
G	0.519	0.54	0.556	0.051	0.515	0.628	0.561	0.607	0.64	0.664	0.48	0.599	0.523	0.609	0.549	0.645	0.644	0.588	0.603	0.642	0.597	0.551	0.468	0.645	600
H	0.613	0.589	0.614	0.596	0.049	0.694	0.591	0.534	0.628	0.705	0.578	0.641	0.636	0.66	0.625	0.675	0.605	0.594	0.578	0.049	0.553	0.626	0.7	0.347	600
I	0.627	0.638	0.536	0.565	0.052	0.645	0.569	0.551	0.649	0.717	0.586	0.557	0.658	0.052	0.618	0.647	0.648	0.579	0.595	0.536	0.562	0.049	0.647	0.531	600
J	0.564	0.579	0.662	0.664	0.63	0.564	0.653	0.737	0.652	0.58	0.682	0.05	0.603	0.629	0.532	0.615	0.613	0.648	0.597	0.617	0.609	0.605	0.287	0.523	600
K	0.636	0.555	0.709	0.598	0.658	0.658	0.736	0.596	0.674	0.74	0.695	0.648	0.659	0.598	0.462	0.664	0.687	0.666	0.048	0.681	0.565	0.653	0.452	0.597	600
L	0.562	0.579	0.546	0.586	0.662	0.605	0.573	0.636	0.537	0.691	0.664	0.668	0.56	0.519	0.614	0.585	0.481	0.05	0.656	0.446	0.452	0.509	0.457	0.063	600
M	0.716	0.622	0.524	0.61	0.057	0.594	0.505	0.638	0.551	0.047	0.654	0.493	0.693	0.596	0.511	0.51	0.473	0.59	0.61	0.056	0.537	0.447	0.058	0.612	600
N	0.512	0.596	0.649	0.638	0.558	0.613	0.536	0.559	0.592	0.59	0.601	0.631	0.563	0.55	0.626	0.584	0.567	0.559	0.628	0.565	0.573	0.544	0.611	0.061	600
O	0.517	0.572	0.611	0.576	0.519	0.648	0.582	0.542	0.632	0.519	0.621	0.522	0.635	0.551	0.581	0.558	0.577	0.519	0.683	0.47	0.544	0.574	0.571	0.495	600
P	0.523	0.527	0.541	0.559	0.511	0.521	0.053	0.665	0.522	0.563	0.509	0.49	0.58	0.567	0.052	0.574	0.445	0.471	0.418	0.645	0.426	0.508	0.478	0.477	600