Procedure Summary																									
																									
Plate Type	384 WELL PLATE																								
Read	Read:  (A) 600																								
																									
600																									
	1	2	3	4	5	6	7	8	9	10	11	12	13	14	15	16	17	18	19	20	21	22	23	24	
A	0.197	0.576	0.442	0.608	0.556	0.587	0.764	0.71	0.564	0.699	0.071	0.673	0.632	0.489	0.651	0.61	0.13	0.624	0.055	0.52	0.615	0.547	0.659	0.656	600
B	0.456	0.5	0.677	0.442	0.666	0.618	0.677	0.628	0.544	0.592	0.549	0.538	0.582	0.564	0.491	0.648	0.437	0.63	0.639	0.066	0.677	0.62	0.05	0.723	600
C	0.578	0.556	0.598	0.345	0.546	0.627	0.628	0.58	0.479	0.518	0.725	0.532	0.448	0.521	0.051	0.603	0.696	0.451	0.569	0.578	0.458	0.596	0.572	0.542	600
D	0.39	0.459	0.513	0.469	0.433	0.46	0.512	0.505	0.049	0.655	0.513	0.648	0.555	0.49	0.048	0.642	0.487	0.474	0.633	0.052	0.584	0.55	0.6	0.069	600
E	0.484	0.523	0.621	0.501	0.549	0.541	0.464	0.425	0.457	0.613	0.051	0.528	0.048	0.49	0.564	0.547	0.476	0.478	0.631	0.514	0.658	0.465	0.505	0.506	600
F	0.51	0.514	0.448	0.49	0.435	0.538	0.474	0.527	0.537	0.422	0.049	0.514	0.496	0.47	0.612	0.662	0.659	0.047	0.532	0.047	0.483	0.456	0.524	0.67	600
G	0.61	0.484	0.419	0.053	0.513	0.482	0.531	0.522	0.413	0.459	0.381	0.459	0.534	0.606	0.52	0.509	0.658	0.502	0.515	0.483	0.527	0.43	0.451	0.576	600
H	0.466	0.46	0.516	0.565	0.056	0.466	0.635	0.388	0.551	0.625	0.622	0.561	0.621	0.545	0.566	0.631	0.515	0.575	0.629	0.051	0.582	0.565	0.454	0.484	600
I	0.475	0.575	0.454	0.425	0.053	0.474	0.502	0.659	0.546	0.402	0.416	0.537	0.503	0.049	0.511	0.48	0.654	0.64	0.58	0.554	0.736	0.047	0.527	0.489	600
J	0.585	0.477	0.549	0.573	0.603	0.437	0.483	0.505	0.566	0.561	0.568	0.05	0.394	0.507	0.499	0.656	0.564	0.595	0.531	0.52	0.499	0.55	0.367	0.696	600
K	0.548	0.574	0.589	0.559	0.51	0.529	0.461	0.651	0.47	0.596	0.414	0.527	0.534	0.569	0.464	0.608	0.597	0.535	0.048	0.509	0.558	0.55	0.554	0.534	600
L	0.402	0.521	0.441	0.484	0.463	0.476	0.453	0.557	0.529	0.51	0.547	0.546	0.507	0.311	0.427	0.576	0.476	0.05	0.563	0.637	0.504	0.547	0.603	0.066	600
M	0.325	0.501	0.382	0.443	0.094	0.415	0.54	0.469	0.492	0.048	0.439	0.29	0.686	0.412	0.525	0.614	0.408	0.537	0.577	0.05	0.474	0.531	0.051	0.642	600
N	0.366	0.541	0.481	0.391	0.459	0.496	0.473	0.496	0.448	0.356	0.458	0.314	0.431	0.467	0.502	0.427	0.538	0.463	0.49	0.58	0.501	0.588	0.577	0.056	600
O	0.484	0.563	0.443	0.646	0.594	0.399	0.423	0.476	0.256	0.453	0.577	0.433	0.485	0.462	0.427	0.488	0.471	0.658	0.585	0.448	0.512	0.584	0.57	0.62	600
P	0.46	0.491	0.548	0.465	0.401	0.456	0.051	0.617	0.482	0.477	0.489	0.408	0.308	0.434	0.053	0.517	0.446	0.426	0.465	0.513	0.489	0.609	0.574	0.511	600