Procedure Summary																									
																									
Plate Type	384 WELL PLATE																								
Read	Read:  (A) 600																								
																									
600																									
	1	2	3	4	5	6	7	8	9	10	11	12	13	14	15	16	17	18	19	20	21	22	23	24	
A	0.197	0.548	0.11	0.559	0.067	0.502	0.348	0.579	0.07	0.585	0.099	0.659	0.051	0.572	0.297	0.636	0.68	0.701	0.223	0.678	0.289	0.469	0.597	0.672	600
B	0.113	0.092	0.14	0.08	0.19	0.265	0.18	0.136	0.086	0.059	0.053	0.074	0.16	0.077	0.049	0.111	0.055	0.2	0.203	0.106	0.339	0.269	0.052	0.053	600
C	0.073	0.577	0.226	0.557	0.063	0.538	0.105	0.661	0.054	0.61	0.295	0.496	0.051	0.393	0.077	0.474	0.267	0.415	0.309	0.492	0.691	0.47	0.491	0.626	600
D	0.055	0.059	0.061	0.203	0.065	0.126	0.054	0.058	0.054	0.081	0.08	0.058	0.065	0.092	0.058	0.057	0.052	0.054	0.066	0.068	0.062	0.055	0.053	0.089	600
E	0.101	0.097	0.06	0.563	0.102	0.506	0.083	0.479	0.061	0.507	0.056	0.548	0.055	0.613	0.078	0.553	0.052	0.593	0.315	0.461	0.195	0.517	0.056	0.541	600
F	0.081	0.058	0.073	0.091	0.058	0.087	0.056	0.069	0.053	0.065	0.052	0.054	0.073	0.069	0.05	0.208	0.059	0.055	0.052	0.055	0.074	0.049	0.058	0.351	600
G	0.088	0.502	0.066	0.505	0.072	0.695	0.094	0.655	0.066	0.405	0.592	0.434	0.082	0.675	0.085	0.051	0.119	0.577	0.579	0.608	0.064	0.384	0.062	0.447	600
H	0.097	0.063	0.095	0.061	0.063	0.094	0.1	0.052	0.057	0.063	0.084	0.066	0.282	0.072	0.079	0.055	0.062	0.059	0.064	0.05	0.067	0.054	0.052	0.146	600
I	0.522	0.546	0.421	0.546	0.581	0.598	0.455	0.539	0.066	0.588	0.593	0.624	0.599	0.633	0.64	0.572	0.053	0.5	0.487	0.67	0.6	0.598	0.586	0.494	600
J	0.092	0.076	0.19	0.135	0.103	0.06	0.088	0.134	0.251	0.053	0.254	0.051	0.072	0.05	0.068	0.049	0.071	0.057	0.085	0.052	0.061	0.052	0.292	0.338	600
K	0.469	0.571	0.559	0.633	0.513	0.651	0.469	0.69	0.639	0.654	0.431	0.596	0.055	0.536	0.463	0.543	0.54	0.449	0.578	0.527	0.661	0.615	0.62	0.546	600
L	0.068	0.088	0.068	0.089	0.064	0.061	0.068	0.103	0.056	0.063	0.157	0.072	0.058	0.049	0.056	0.053	0.054	0.05	0.054	0.064	0.083	0.059	0.066	0.054	600
M	0.455	0.433	0.459	0.624	0.514	0.056	0.563	0.061	0.507	0.056	0.532	0.047	0.631	0.05	0.617	0.59	0.456	0.519	0.497	0.495	0.395	0.347	0.457	0.486	600
N	0.064	0.086	0.082	0.091	0.072	0.06	0.075	0.069	0.074	0.056	0.051	0.051	0.072	0.057	0.057	0.052	0.057	0.055	0.052	0.053	0.063	0.055	0.056	0.059	600
O	0.439	0.624	0.383	0.075	0.539	0.648	0.489	0.062	0.575	0.056	0.491	0.585	0.603	0.072	0.59	0.069	0.465	0.058	0.461	0.419	0.432	0.439	0.594	0.462	600
P	0.063	0.056	0.052	0.055	0.052	0.05	0.06	0.053	0.079	0.064	0.085	0.061	0.099	0.056	0.074	0.056	0.068	0.056	0.113	0.057	0.056	0.053	0.06	0.062	600