Procedure Summary																									
																									
Plate Type	384 WELL PLATE																								
Read	Read:  (A) 420																								
																									
420																									
	1	2	3	4	5	6	7	8	9	10	11	12	13	14	15	16	17	18	19	20	21	22	23	24	
A	0.05	0.05	0.044	0.05	0.05	0.05	0.049	0.044	0.051	0.05	0.05	0.05	0.049	0.047	0.05	0.049	0.049	0.049	0.049	0.049	0.049	0.048	0.045	0.05	420
B	0.715	0.746	0.62	0.619	0.631	0.644	0.614	0.632	0.661	0.44	0.729	0.675	0.562	0.107	0.538	0.062	0.477	0.587	0.687	0.252	0.605	0.581	0.63	0.574	420
C	0.525	0.621	0.668	0.068	0.462	0.448	0.502	0.45	0.412	0.61	0.604	0.336	0.543	0.072	0.453	0.512	0.583	0.404	0.347	0.318	0.582	0.685	0.528	0.862	420
D	0.537	0.065	0.513	0.076	0.517	0.531	0.528	0.488	0.535	0.686	0.423	0.434	0.455	0.506	0.802	0.81	0.618	0.833	0.674	0.511	0.65	0.711	0.524	0.896	420
E	0.45	0.45	0.439	0.062	0.476	0.504	0.369	0.52	0.417	0.464	0.352	0.543	0.545	0.335	0.493	0.547	0.49	0.493	0.521	0.55	0.703	0.5	0.836	0.491	420
F	0.341	0.073	0.594	0.569	0.587	0.529	0.453	0.442	0.429	0.459	0.481	0.39	0.359	0.411	0.496	0.421	0.733	0.425	0.489	0.061	0.467	0.529	0.606	0.561	420
G	0.432	0.428	0.379	0.112	0.393	0.45	0.531	0.071	0.088	0.422	0.381	0.51	0.395	0.403	0.385	0.392	0.444	0.606	0.517	0.777	0.49	0.635	0.731	0.693	420
H	0.452	0.454	0.347	0.416	0.42	0.253	0.442	0.462	0.457	0.407	0.276	0.328	0.349	0.376	0.544	0.408	0.393	0.403	0.558	0.55	0.096	0.509	0.424	0.511	420
I	0.658	0.068	0.516	0.51	0.515	0.505	0.461	0.591	0.877	0.076	0.444	0.423	0.321	0.398	0.708	0.67	0.419	0.368	0.513	0.463	0.512	1.053	0.089	0.447	420
J	0.436	0.546	0.641	0.647	0.391	0.451	0.507	0.464	0.591	0.066	0.366	0.349	0.115	0.554	0.397	0.477	0.854	0.425	0.517	0.797	0.86	0.394	0.637	0.447	420
K	0.501	0.678	0.472	0.479	0.668	0.416	0.459	0.453	0.398	0.476	0.398	0.325	0.621	0.39	0.437	0.691	0.603	0.524	0.49	0.587	0.556	0.767	0.406	0.29	420
L	0.397	0.531	0.575	0.539	0.489	0.594	0.486	0.629	0.517	0.394	0.712	0.434	0.513	0.64	0.634	0.456	0.311	0.53	0.525	0.469	0.784	0.476	0.472	0.97	420
M	0.539	0.483	0.376	0.48	0.535	0.351	0.531	0.394	0.397	0.457	0.463	0.422	0.663	0.439	0.676	0.777	0.414	0.899	0.658	0.769	0.534	0.966	0.551	0.573	420
N	0.606	0.648	0.724	0.302	0.527	0.592	0.567	0.511	0.545	0.535	0.433	0.595	0.659	0.069	0.572	0.475	0.569	0.877	0.516	0.623	0.866	0.596	0.879	0.912	420
O	0.422	0.048	0.497	0.352	0.594	0.4	0.63	0.068	0.52	0.64	0.552	0.587	0.542	0.551	0.481	0.496	0.404	0.488	0.776	0.915	0.095	0.514	0.593	0.562	420
P	0.575	0.768	0.538	0.565	0.567	0.46	0.406	0.565	0.07	0.571	0.404	0.554	0.357	0.658	0.514	0.558	0.246	0.535	0.424	0.74	0.615	0.594	0.612	0.964	420