Procedure Summary																									
																									
Plate Type	384 WELL PLATE																								
Read	Read:  (A) 420																								
																									
420																									
	1	2	3	4	5	6	7	8	9	10	11	12	13	14	15	16	17	18	19	20	21	22	23	24	
A	0.114	0.098	0.251	0.158	0.049	0.167	0.211	0.288	0.05	0.301	0.283	0.327	0.183	0.131	0.184	0.362	0.237	0.391	0.281	0.109	0.056	0.367	0.473	0.473	420
B	0.1	0.102	0.099	0.05	0.049	0.055	0.047	0.048	0.052	0.048	0.064	0.102	0.096	0.047	0.136	0.046	0.298	0.189	0.08	0.056	0.048	0.049	0.049	0.146	420
C	0.07	0.146	0.052	0.201	0.049	0.146	0.118	0.16	0.063	0.117	0.046	0.239	0.198	0.1	0.05	0.255	0.142	0.24	0.047	0.117	0.145	0.101	0.356	0.27	420
D	0.054	0.05	0.049	0.065	0.054	0.05	0.066	0.046	0.045	0.049	0.047	0.048	0.194	0.054	0.078	0.047	0.047	0.05	0.047	0.047	0.047	0.05	0.049	0.446	420
E	0.052	0.05	0.049	0.104	0.047	0.14	0.05	0.141	0.05	0.132	0.091	0.103	0.053	0.312	0.112	0.342	0.046	0.141	0.267	0.342	0.048	0.124	0.049	0.175	420
F	0.055	0.049	0.048	0.048	0.047	0.047	0.051	0.046	0.285	0.052	0.047	0.294	0.075	0.071	0.151	0.073	0.104	0.255	0.157	0.047	0.084	0.046	0.137	0.165	420
G	0.052	0.115	0.049	0.112	0.048	0.108	0.046	0.113	0.102	0.132	0.109	0.106	0.049	0.354	0.059	0.268	0.129	0.277	0.417	0.186	0.248	0.429	0.114	0.45	420
H	0.05	0.058	0.047	0.048	0.048	0.054	0.114	0.046	0.046	0.045	0.046	0.046	0.048	0.05	0.048	0.219	0.111	0.103	0.08	0.047	0.048	0.046	0.049	0.085	420
I	0.136	0.119	0.165	0.16	0.161	0.13	0.254	0.286	0.047	0.097	0.352	0.349	0.117	0.117	0.114	0.332	0.052	0.137	0.152	0.404	0.049	0.454	0.116	0.215	420
J	0.051	0.05	0.067	0.051	0.049	0.047	0.092	0.281	0.068	0.047	0.111	0.048	0.084	0.049	0.046	0.291	0.046	0.047	0.071	0.179	0.265	0.209	0.26	0.281	420
K	0.116	0.271	0.107	0.285	0.131	0.087	0.124	0.095	0.089	0.127	0.103	0.226	0.101	0.85	0.112	0.099	0.106	0.099	0.115	0.369	0.25	0.334	0.25	0.441	420
L	0.051	0.048	0.052	0.048	0.049	0.049	0.05	0.049	0.046	0.049	0.187	0.102	0.092	0.047	0.123	0.05	0.058	0.07	0.048	0.048	0.401	0.049	0.069	0.272	420
M	0.121	0.113	0.182	0.131	0.164	0.109	0.24	0.048	0.152	0.047	0.107	0.122	0.354	0.048	0.411	0.156	0.424	0.303	0.181	0.35	0.137	0.147	0.389	0.321	420
N	0.054	0.049	0.049	0.048	0.24	0.059	0.077	0.047	0.054	0.053	0.084	0.047	0.095	0.05	0.074	0.072	0.05	0.076	0.07	0.048	0.14	0.075	0.351	0.15	420
O	0.109	0.211	0.112	0.05	0.158	0.108	0.282	0.049	0.113	0.05	0.337	0.166	0.377	0.145	0.151	0.05	0.131	0.289	0.385	0.131	0.17	0.229	0.541	0.499	420
P	0.058	0.19	0.152	0.051	0.153	0.049	0.053	0.196	0.053	0.064	0.055	0.154	0.048	0.053	0.094	0.049	0.097	0.052	0.309	0.112	0.082	0.144	0.12	0.063	420