Procedure Summary																									
																									
Plate Type	384 WELL PLATE																								
Read	Read:  (A) 420																								
																									
420																									
	1	2	3	4	5	6	7	8	9	10	11	12	13	14	15	16	17	18	19	20	21	22	23	24	
A	0.223	0.23	0.209	0.141	0.363	0.126	0.345	0.132	0.235	0.248	0.127	0.127	0.258	0.189	0.135	0.317	0.159	0.173	0.467	0.126	0.129	0.479	0.485	0.409	420
B	0.133	0.166	0.168	0.148	0.139	0.198	0.14	0.168	0.185	0.102	0.146	0.129	0.307	0.065	0.379	0.099	0.132	0.176	0.134	0.114	0.137	0.16	0.143	0.315	420
C	0.119	0.172	0.144	0.054	0.154	0.11	0.349	0.329	0.137	0.334	0.13	0.147	0.139	0.084	0.149	0.132	0.187	0.259	0.109	0.126	0.16	0.146	0.446	0.2	420
D	0.134	0.057	0.136	0.054	0.163	0.367	0.167	0.122	0.144	0.344	0.118	0.168	0.394	0.234	0.135	0.141	0.136	0.691	0.131	0.418	0.132	0.24	0.165	0.303	420
E	0.15	0.218	0.208	0.056	0.174	0.156	0.118	0.136	0.132	0.334	0.138	0.111	0.279	0.137	0.151	0.138	0.143	0.148	0.193	0.407	0.385	0.163	0.406	0.331	420
F	0.127	0.076	0.149	0.136	0.209	0.148	0.135	0.146	0.137	0.166	0.176	0.162	0.162	0.136	0.186	0.312	0.254	0.125	0.14	0.054	0.364	0.145	0.414	0.362	420
G	0.087	0.149	0.139	0.09	0.138	0.146	0.137	0.114	0.07	0.323	0.152	0.237	0.307	0.364	0.124	0.16	0.156	0.144	0.135	0.345	0.125	0.155	0.139	0.455	420
H	0.144	0.13	0.136	0.099	0.127	0.122	0.133	0.135	0.123	0.115	0.3	0.136	0.129	0.123	0.113	0.301	0.125	0.119	0.417	0.167	0.079	0.368	0.572	0.42	420
I	0.172	0.207	0.138	0.31	0.147	0.158	0.214	0.156	0.624	0.102	0.347	0.145	0.277	0.128	0.193	0.446	0.249	0.358	0.137	0.315	0.18	0.199	0.06	0.35	420
J	0.17	0.144	0.231	0.154	0.192	0.152	0.143	0.151	0.141	0.161	0.178	0.136	0.079	0.257	0.115	0.145	0.238	0.13	0.138	0.342	0.139	0.144	0.133	0.12	420
K	0.165	0.161	0.144	0.137	0.191	0.157	0.153	0.128	0.13	0.132	0.142	0.119	0.133	0.123	0.176	0.134	0.261	0.384	0.128	0.136	0.132	0.395	0.083	0.119	420
L	0.132	0.139	0.29	0.143	0.165	0.232	0.313	0.141	0.319	0.178	0.258	0.153	0.204	0.148	0.159	0.196	0.185	0.14	0.156	0.221	0.144	0.143	0.129	0.128	420
M	0.141	0.14	0.153	0.145	0.189	0.155	0.272	0.184	0.115	0.059	0.19	0.123	0.282	0.12	0.138	0.236	0.26	0.299	0.181	0.193	0.184	0.659	0.271	0.406	420
N	0.13	0.141	0.132	0.056	0.135	0.132	0.137	0.131	0.13	0.166	0.206	0.155	0.14	0.077	0.338	0.152	0.165	0.145	0.132	0.214	0.174	0.135	0.428	0.334	420
O	0.127	0.14	0.134	0.12	0.174	0.144	0.165	0.175	0.165	0.142	0.281	0.277	0.154	0.137	0.266	0.138	0.09	0.118	0.312	0.368	0.345	0.146	0.144	0.137	420
P	0.137	0.144	0.193	0.118	0.134	0.148	0.14	0.169	0.132	0.129	0.201	0.133	0.123	0.131	0.129	0.388	0.092	0.144	0.134	0.14	0.133	0.149	0.144	0.338	420