Procedure Summary																									
																									
Plate Type	384 WELL PLATE																								
Read	Read:  (A) 420																								
																									
420																									
	1	2	3	4	5	6	7	8	9	10	11	12	13	14	15	16	17	18	19	20	21	22	23	24	
A	0.069	0.074	0.066	0.064	0.069	0.068	0.075	0.081	0.098	0.074	0.122	0.078	0.255	0.068	0.067	0.423	0.089	0.184	0.089	0.072	0.144	0.068	0.079	0.335	420
B	0.137	0.07	0.149	0.069	0.122	0.163	0.073	0.222	0.071	0.069	0.067	0.07	0.183	0.061	0.072	0.086	0.07	0.425	0.14	0.152	0.066	0.068	0.067	0.075	420
C	0.066	0.093	0.071	0.067	0.063	0.062	0.064	0.067	0.077	0.107	0.069	0.063	0.07	0.054	0.204	0.069	0.067	0.179	0.21	0.101	0.072	0.312	0.11	0.453	420
D	0.071	0.051	0.064	0.053	0.072	0.063	0.072	0.068	0.067	0.067	0.068	0.166	0.063	0.07	0.065	0.074	0.294	0.083	0.07	0.333	0.115	0.076	0.082	0.366	420
E	0.067	0.066	0.067	0.049	0.064	0.063	0.065	0.062	0.093	0.063	0.087	0.096	0.064	0.065	0.066	0.065	0.112	0.068	0.096	0.332	0.069	0.066	0.067	0.091	420
F	0.051	0.05	0.09	0.066	0.066	0.064	0.061	0.065	0.066	0.062	0.135	0.066	0.076	0.074	0.069	0.067	0.151	0.065	0.156	0.05	0.142	0.071	0.066	0.075	420
G	0.054	0.072	0.064	0.048	0.062	0.064	0.062	0.047	0.053	0.066	0.081	0.069	0.116	0.067	0.122	0.138	0.068	0.148	0.212	0.169	0.086	0.109	0.099	0.29	420
H	0.123	0.067	0.066	0.066	0.065	0.063	0.07	0.068	0.068	0.07	0.059	0.073	0.055	0.074	0.127	0.079	0.069	0.072	0.059	0.08	0.056	0.091	0.075	0.315	420
I	0.181	0.052	0.079	0.075	0.072	0.066	0.077	0.085	0.314	0.054	0.064	0.07	0.111	0.131	0.196	0.068	0.356	0.069	0.072	0.072	0.07	0.088	0.054	0.074	420
J	0.057	0.121	0.069	0.069	0.088	0.066	0.069	0.108	0.066	0.05	0.092	0.097	0.054	0.072	0.295	0.137	0.073	0.113	0.069	0.069	0.069	0.081	0.078	0.076	420
K	0.126	0.07	0.065	0.067	0.068	0.07	0.063	0.066	0.117	0.07	0.08	0.073	0.074	0.057	0.139	0.069	0.068	0.113	0.083	0.074	0.068	0.086	0.059	0.06	420
L	0.081	0.067	0.067	0.078	0.065	0.082	0.066	0.064	0.07	0.075	0.075	0.068	0.075	0.067	0.069	0.092	0.096	0.071	0.072	0.07	0.124	0.075	0.073	0.084	420
M	0.069	0.13	0.068	0.118	0.083	0.087	0.087	0.066	0.156	0.12	0.071	0.102	0.073	0.068	0.07	0.072	0.068	0.076	0.076	0.094	0.087	0.121	0.086	0.142	420
N	0.073	0.069	0.068	0.082	0.127	0.09	0.07	0.067	0.07	0.125	0.164	0.086	0.076	0.052	0.07	0.07	0.077	0.074	0.08	0.076	0.086	0.078	0.125	0.083	420
O	0.072	0.07	0.086	0.093	0.097	0.071	0.072	0.102	0.071	0.117	0.144	0.069	0.08	0.127	0.071	0.072	0.072	0.081	0.08	0.31	0.567	0.502	0.597	0.094	420
P	0.073	0.117	0.078	0.1	0.07	0.073	0.071	0.172	0.058	0.073	0.08	0.069	0.114	0.15	0.153	0.073	0.059	0.059	0.057	0.107	0.08	0.146	0.082	0.13	420