Procedure Summary																									
																									
Plate Type	384 WELL PLATE																								
Read	Read:  (A) 420																								
																									
420																									
	1	2	3	4	5	6	7	8	9	10	11	12	13	14	15	16	17	18	19	20	21	22	23	24	
A	0.043	0.101	0.112	0.134	0.098	0.113	0.106	0.101	0.143	0.096	0.085	0.093	0.084	0.079	0.195	0.283	0.131	0.225	0.091	0.086	0.081	0.052	0.052	0.077	420
B	0.122	0.124	0.139	0.08	0.137	0.099	0.053	0.103	0.096	0.05	0.091	0.103	0.083	0.124	0.089	0.052	0.116	0.091	0.094	0.099	0.101	0.09	0.089	0.088	420
C	0.102	0.094	0.118	0.049	0.092	0.097	0.092	0.096	0.092	0.052	0.092	0.052	0.095	0.094	0.091	0.09	0.085	0.174	0.114	0.45	0.105	0.097	0.09	0.082	420
D	0.135	0.088	0.09	0.091	0.096	0.1	0.048	0.049	0.048	0.093	0.095	0.094	0.093	0.095	0.147	0.089	0.092	0.104	0.088	0.097	0.096	0.186	0.093	0.17	420
E	0.114	0.116	0.119	0.123	0.089	0.082	0.089	0.094	0.092	0.092	0.095	0.088	0.092	0.09	0.088	0.085	0.09	0.088	0.089	0.092	0.053	0.09	0.099	0.128	420
F	0.112	0.108	0.095	0.118	0.051	0.087	0.049	0.099	0.091	0.097	0.094	0.087	0.086	0.089	0.089	0.089	0.083	0.27	0.097	0.082	0.051	0.058	0.277	0.083	420
G	0.123	0.109	0.094	0.115	0.09	0.093	0.12	0.089	0.109	0.088	0.05	0.049	0.109	0.092	0.095	0.095	0.092	0.143	0.093	0.116	0.097	0.09	0.092	0.224	420
H	0.135	0.103	0.102	0.081	0.083	0.082	0.068	0.047	0.051	0.081	0.079	0.078	0.101	0.085	0.082	0.162	0.086	0.081	0.085	0.049	0.08	0.053	0.094	0.053	420
I	0.111	0.094	0.05	0.099	0.115	0.107	0.11	0.103	0.121	0.095	0.087	0.094	0.05	0.096	0.099	0.225	0.092	0.086	0.101	0.092	0.117	0.096	0.09	0.096	420
J	0.117	0.052	0.154	0.118	0.089	0.109	0.092	0.095	0.144	0.093	0.109	0.053	0.086	0.086	0.095	0.085	0.087	0.053	0.154	0.172	0.089	0.089	0.091	0.091	420
K	0.111	0.051	0.053	0.095	0.111	0.112	0.09	0.109	0.093	0.093	0.099	0.105	0.094	0.231	0.052	0.09	0.09	0.089	0.089	0.089	0.107	0.084	0.099	0.094	420
L	0.115	0.107	0.088	0.087	0.117	0.09	0.12	0.113	0.094	0.049	0.097	0.202	0.117	0.052	0.088	0.091	0.091	0.093	0.085	0.051	0.126	0.286	0.093	0.091	420
M	0.094	0.1	0.103	0.085	0.107	0.095	0.101	0.103	0.101	0.096	0.104	0.093	0.101	0.095	0.097	0.094	0.097	0.108	0.09	0.091	0.102	0.084	0.061	0.083	420
N	0.092	0.161	0.118	0.094	0.106	0.092	0.135	0.055	0.094	0.138	0.097	0.091	0.11	0.057	0.09	0.099	0.094	0.141	0.088	0.101	0.093	0.106	0.093	0.229	420
O	0.118	0.156	0.131	0.093	0.082	0.109	0.121	0.116	0.101	0.259	0.115	0.099	0.104	0.103	0.105	0.107	0.113	0.093	0.094	0.095	0.183	0.093	0.096	0.093	420
P	0.088	0.085	0.091	0.094	0.092	0.092	0.065	0.103	0.094	0.097	0.162	0.091	0.092	0.099	0.091	0.051	0.089	0.094	0.092	0.098	0.129	0.097	0.135	0.173	420