Procedure Summary																									
																									
Plate Type	384 WELL PLATE																								
Read	Read:  (A) 420																								
																									
420																									
	1	2	3	4	5	6	7	8	9	10	11	12	13	14	15	16	17	18	19	20	21	22	23	24	
A	0.11	0.116	0.094	0.098	0.151	0.09	0.083	0.086	0.119	0.255	0.11	0.242	0.078	0.069	0.278	0.385	0.108	0.462	0.255	0.078	0.079	0.134	0.093	0.377	420
B	0.109	0.11	0.32	0.085	0.131	0.25	0.088	0.09	0.093	0.242	0.086	0.307	0.085	0.096	0.092	0.279	0.095	0.089	0.126	0.091	0.085	0.087	0.085	0.114	420
C	0.091	0.081	0.11	0.054	0.079	0.1	0.1	0.086	0.088	0.107	0.09	0.083	0.165	0.278	0.299	0.222	0.084	0.182	0.079	0.084	0.085	0.229	0.086	0.337	420
D	0.102	0.054	0.101	0.052	0.09	0.157	0.109	0.217	0.092	0.102	0.082	0.087	0.091	0.309	0.298	0.084	0.089	0.267	0.095	0.106	0.08	0.107	0.113	0.315	420
E	0.088	0.155	0.081	0.055	0.091	0.081	0.105	0.165	0.085	0.089	0.094	0.076	0.086	0.238	0.086	0.2	0.087	0.084	0.101	0.33	0.095	0.242	0.231	0.345	420
F	0.095	0.054	0.226	0.09	0.103	0.089	0.141	0.117	0.124	0.121	0.133	0.083	0.079	0.087	0.083	0.141	0.084	0.22	0.096	0.14	0.133	0.241	0.319	0.08	420
G	0.118	0.114	0.101	0.052	0.082	0.086	0.102	0.075	0.097	0.09	0.122	0.092	0.126	0.084	0.242	0.112	0.101	0.124	0.439	0.135	0.108	0.141	0.318	0.327	420
H	0.153	0.086	0.085	0.079	0.088	0.077	0.079	0.079	0.107	0.08	0.115	0.076	0.108	0.084	0.131	0.072	0.076	0.071	0.076	0.248	0.053	0.183	0.173	0.093	420
I	0.099	0.132	0.095	0.095	0.098	0.094	0.108	0.141	0.565	0.14	0.098	0.091	0.117	0.089	0.093	0.218	0.088	0.094	0.106	0.116	0.237	0.346	0.393	0.188	420
J	0.096	0.213	0.249	0.107	0.099	0.096	0.177	0.148	0.174	0.116	0.091	0.091	0.104	0.118	0.094	0.093	0.153	0.089	0.332	0.096	0.093	0.088	0.095	0.081	420
K	0.092	0.108	0.181	0.092	0.098	0.095	0.117	0.141	0.162	0.101	0.257	0.226	0.336	0.285	0.104	0.085	0.092	0.249	0.092	0.124	0.142	0.159	0.286	0.301	420
L	0.083	0.106	0.086	0.094	0.099	0.087	0.098	0.124	0.133	0.135	0.107	0.247	0.202	0.157	0.126	0.084	0.096	0.094	0.094	0.091	0.135	0.347	0.118	0.088	420
M	0.093	0.089	0.095	0.094	0.094	0.092	0.106	0.236	0.189	0.102	0.109	0.091	0.092	0.09	0.088	0.384	0.139	0.106	0.107	0.109	0.125	0.244	0.178	0.091	420
N	0.087	0.211	0.105	0.057	0.091	0.089	0.108	0.091	0.14	0.202	0.157	0.091	0.109	0.061	0.097	0.098	0.102	0.095	0.105	0.577	0.117	0.098	0.147	0.092	420
O	0.096	0.095	0.087	0.083	0.09	0.101	0.102	0.092	0.09	0.127	0.257	0.099	0.195	0.096	0.104	0.099	0.109	0.107	0.197	0.11	0.185	0.096	0.099	0.144	420
P	0.09	0.184	0.088	0.085	0.089	0.098	0.092	0.099	0.059	0.106	0.193	0.089	0.134	0.216	0.129	0.127	0.083	0.096	0.058	0.089	0.085	0.082	0.178	0.196	420