Procedure Summary																									
																									
Plate Type	384 WELL PLATE																								
Read	Read:  (A) 420																								
																									
420																									
	1	2	3	4	5	6	7	8	9	10	11	12	13	14	15	16	17	18	19	20	21	22	23	24	
A	0.077	0.081	0.235	0.084	0.053	0.074	0.076	0.328	0.175	0.068	0.182	0.196	0.229	0.077	0.085	0.375	0.091	0.083	0.162	0.095	0.147	0.284	0.056	0.134	420
B	0.171	0.078	0.076	0.318	0.07	0.068	0.055	0.229	0.273	0.055	0.074	0.083	0.1	0.312	0.113	0.051	0.072	0.174	0.107	0.08	0.217	0.075	0.165	0.08	420
C	0.088	0.076	0.075	0.056	0.07	0.08	0.077	0.084	0.076	0.076	0.074	0.051	0.09	0.071	0.141	0.071	0.075	0.077	0.123	0.444	0.056	0.071	0.076	0.378	420
D	0.08	0.08	0.083	0.087	0.079	0.081	0.053	0.053	0.056	0.075	0.072	0.08	0.086	0.074	0.074	0.076	0.077	0.098	0.078	0.079	0.077	0.109	0.08	0.235	420
E	0.051	0.075	0.073	0.072	0.074	0.071	0.07	0.071	0.072	0.073	0.075	0.074	0.109	0.072	0.072	0.073	0.08	0.077	0.108	0.079	0.056	0.075	0.074	0.191	420
F	0.075	0.077	0.079	0.083	0.052	0.073	0.052	0.069	0.075	0.071	0.075	0.086	0.084	0.076	0.134	0.112	0.078	0.165	0.077	0.073	0.215	0.156	0.081	0.099	420
G	0.074	0.071	0.072	0.07	0.077	0.07	0.075	0.067	0.07	0.081	0.053	0.081	0.077	0.091	0.104	0.078	0.071	0.174	0.079	0.081	0.079	0.073	0.083	0.151	420
H	0.073	0.082	0.071	0.075	0.069	0.074	0.067	0.059	0.049	0.072	0.068	0.08	0.078	0.073	0.073	0.118	0.075	0.139	0.114	0.052	0.07	0.053	0.079	0.074	420
I	0.074	0.073	0.107	0.086	0.112	0.083	0.053	0.071	0.077	0.068	0.067	0.078	0.1	0.076	0.201	0.071	0.108	0.064	0.08	0.075	0.079	0.08	0.085	0.107	420
J	0.072	0.05	0.073	0.227	0.071	0.051	0.096	0.116	0.082	0.069	0.12	0.055	0.079	0.072	0.157	0.159	0.08	0.091	0.064	0.076	0.073	0.075	0.082	0.098	420
K	0.082	0.064	0.054	0.072	0.073	0.07	0.068	0.075	0.073	0.075	0.075	0.078	0.079	0.085	0.156	0.074	0.075	0.076	0.074	0.078	0.088	0.084	0.083	0.109	420
L	0.071	0.076	0.072	0.075	0.052	0.072	0.081	0.07	0.054	0.143	0.069	0.081	0.105	0.052	0.078	0.112	0.081	0.073	0.083	0.056	0.109	0.072	0.072	0.087	420
M	0.086	0.055	0.079	0.07	0.078	0.071	0.119	0.073	0.073	0.081	0.138	0.075	0.079	0.077	0.142	0.147	0.169	0.086	0.147	0.081	0.079	0.088	0.058	0.257	420
N	0.075	0.08	0.081	0.071	0.093	0.07	0.074	0.054	0.078	0.139	0.074	0.142	0.079	0.051	0.073	0.074	0.077	0.086	0.083	0.084	0.073	0.1	0.073	0.194	420
O	0.078	0.073	0.081	0.073	0.056	0.11	0.079	0.137	0.076	0.109	0.135	0.075	0.076	0.081	0.075	0.087	0.076	0.075	0.089	0.079	0.082	0.077	0.099	0.078	420
P	0.082	0.149	0.08	0.078	0.072	0.072	0.058	0.136	0.075	0.075	0.084	0.076	0.14	0.083	0.077	0.061	0.08	0.084	0.134	0.105	0.078	0.177	0.1	0.15	420