Procedure Summary																									
																									
Plate Type	384 WELL PLATE																								
Read	Read:  (A) 420																								
																									
420																									
	1	2	3	4	5	6	7	8	9	10	11	12	13	14	15	16	17	18	19	20	21	22	23	24	
A	0.243	0.065	0.062	0.063	0.047	0.059	0.058	0.058	0.319	0.058	0.06	0.059	0.068	0.301	0.069	0.063	0.061	0.061	0.083	0.063	0.051	0.226	0.05	0.249	420
B	0.065	0.061	0.059	0.075	0.069	0.063	0.047	0.061	0.064	0.05	0.205	0.068	0.068	0.074	0.092	0.046	0.064	0.209	0.065	0.066	0.065	0.082	0.117	0.068	420
C	0.064	0.073	0.062	0.049	0.064	0.064	0.063	0.061	0.071	0.063	0.059	0.047	0.066	0.06	0.06	0.063	0.05	0.063	0.068	0.513	0.054	0.066	0.07	0.09	420
D	0.064	0.061	0.067	0.06	0.06	0.241	0.045	0.047	0.047	0.065	0.064	0.071	0.068	0.065	0.061	0.117	0.064	0.135	0.083	0.258	0.105	0.088	0.05	0.19	420
E	0.049	0.06	0.062	0.062	0.06	0.072	0.058	0.068	0.062	0.063	0.061	0.065	0.066	0.064	0.138	0.07	0.179	0.067	0.087	0.062	0.049	0.075	0.051	0.074	420
F	0.062	0.064	0.073	0.067	0.049	0.061	0.048	0.06	0.093	0.082	0.082	0.067	0.062	0.061	0.152	0.063	0.142	0.062	0.148	0.065	0.049	0.049	0.051	0.079	420
G	0.06	0.059	0.06	0.06	0.06	0.06	0.065	0.062	0.058	0.059	0.048	0.073	0.047	0.069	0.122	0.046	0.049	0.143	0.065	0.122	0.253	0.085	0.114	0.071	420
H	0.059	0.061	0.062	0.058	0.059	0.062	0.06	0.046	0.049	0.065	0.061	0.062	0.098	0.064	0.113	0.071	0.064	0.067	0.047	0.046	0.046	0.05	0.103	0.052	420
I	0.061	0.063	0.046	0.062	0.062	0.122	0.049	0.063	0.108	0.066	0.058	0.067	0.113	0.063	0.131	0.062	0.066	0.057	0.072	0.086	0.061	0.111	0.066	0.073	420
J	0.061	0.046	0.061	0.067	0.065	0.051	0.062	0.062	0.09	0.061	0.061	0.05	0.073	0.136	0.069	0.123	0.063	0.049	0.056	0.067	0.067	0.067	0.067	0.212	420
K	0.061	0.049	0.112	0.061	0.061	0.063	0.067	0.075	0.081	0.102	0.117	0.065	0.066	0.068	0.129	0.064	0.061	0.065	0.063	0.068	0.065	0.069	0.139	0.082	420
L	0.063	0.063	0.063	0.063	0.047	0.08	0.047	0.059	0.048	0.146	0.087	0.062	0.121	0.048	0.063	0.066	0.115	0.067	0.067	0.049	0.171	0.246	0.051	0.231	420
M	0.064	0.065	0.065	0.059	0.076	0.067	0.07	0.064	0.063	0.105	0.067	0.072	0.073	0.064	0.113	0.145	0.124	0.069	0.066	0.067	0.074	0.115	0.115	0.159	420
N	0.063	0.062	0.064	0.065	0.074	0.074	0.064	0.048	0.069	0.086	0.065	0.066	0.057	0.049	0.066	0.068	0.091	0.074	0.068	0.069	0.122	0.069	0.088	0.193	420
O	0.065	0.061	0.063	0.071	0.05	0.063	0.078	0.075	0.067	0.102	0.069	0.066	0.057	0.074	0.065	0.069	0.066	0.109	0.07	0.067	0.067	0.067	0.179	0.151	420
P	0.063	0.067	0.047	0.073	0.049	0.047	0.048	0.063	0.063	0.067	0.071	0.066	0.068	0.124	0.066	0.052	0.051	0.05	0.122	0.154	0.072	0.051	0.058	0.053	420