Procedure Summary																									
																									
Plate Type	384 WELL PLATE																								
Read	Read:  (A) 420																								
																									
420																									
	1	2	3	4	5	6	7	8	9	10	11	12	13	14	15	16	17	18	19	20	21	22	23	24	
A	0.144	0.092	0.103	0.147	0.102	0.131	0.099	0.11	0.145	0.101	0.101	0.095	0.171	0.114	0.166	0.245	0.309	0.326	0.105	0.094	0.102	0.053	0.053	0.113	420
B	0.138	0.147	0.145	0.1	0.102	0.131	0.06	0.112	0.115	0.051	0.117	0.113	0.096	0.117	0.139	0.05	0.205	0.207	0.158	0.102	0.1	0.119	0.103	0.117	420
C	0.145	0.146	0.131	0.05	0.114	0.139	0.165	0.136	0.135	0.051	0.112	0.05	0.163	0.144	0.112	0.15	0.116	0.121	0.101	0.81	0.052	0.115	0.118	0.102	420
D	0.119	0.124	0.106	0.167	0.154	0.129	0.052	0.051	0.049	0.111	0.107	0.115	0.179	0.094	0.11	0.117	0.112	0.126	0.117	0.117	0.102	0.32	0.101	0.104	420
E	0.113	0.144	0.141	0.183	0.144	0.111	0.113	0.115	0.117	0.113	0.123	0.114	0.122	0.116	0.131	0.119	0.128	0.115	0.114	0.104	0.05	0.084	0.108	0.121	420
F	0.113	0.161	0.109	0.185	0.052	0.111	0.072	0.101	0.103	0.103	0.104	0.122	0.099	0.096	0.128	0.109	0.114	0.09	0.11	0.095	0.05	0.052	0.098	0.107	420
G	0.146	0.12	0.108	0.103	0.125	0.13	0.113	0.122	0.108	0.142	0.051	0.051	0.05	0.307	0.116	0.122	0.111	0.182	0.104	0.209	0.146	0.106	0.095	0.117	420
H	0.143	0.094	0.09	0.086	0.09	0.111	0.105	0.051	0.048	0.084	0.049	0.092	0.102	0.101	0.087	0.086	0.099	0.133	0.171	0.118	0.091	0.05	0.09	0.052	420
I	0.139	0.101	0.054	0.145	0.114	0.176	0.052	0.12	0.129	0.126	0.101	0.112	0.049	0.114	0.05	0.121	0.136	0.142	0.127	0.113	0.106	0.114	0.101	0.145	420
J	0.13	0.053	0.103	0.118	0.144	0.056	0.122	0.143	0.122	0.136	0.152	0.09	0.114	0.116	0.105	0.094	0.111	0.071	0.056	0.119	0.123	0.09	0.096	0.101	420
K	0.126	0.088	0.052	0.125	0.14	0.126	0.109	0.118	0.113	0.107	0.139	0.115	0.104	0.311	0.059	0.129	0.118	0.101	0.117	0.344	0.148	0.376	0.169	0.389	420
L	0.109	0.107	0.102	0.1	0.052	0.095	0.121	0.1	0.052	0.054	0.117	0.137	0.131	0.049	0.108	0.117	0.105	0.11	0.104	0.051	0.315	0.094	0.093	0.096	420
M	0.119	0.052	0.152	0.099	0.142	0.123	0.152	0.124	0.121	0.1	0.138	0.097	0.148	0.109	0.102	0.185	0.126	0.257	0.101	0.097	0.132	0.111	0.054	0.117	420
N	0.114	0.104	0.086	0.13	0.17	0.126	0.147	0.053	0.127	0.119	0.099	0.095	0.137	0.052	0.118	0.097	0.114	0.096	0.091	0.093	0.184	0.1	0.102	0.131	420
O	0.152	0.116	0.134	0.102	0.052	0.126	0.275	0.119	0.123	0.189	0.13	0.107	0.119	0.193	0.099	0.104	0.121	0.113	0.123	0.099	0.108	0.105	0.107	0.048	420
P	0.109	0.105	0.21	0.108	0.103	0.099	0.059	0.1	0.108	0.118	0.128	0.104	0.116	0.098	0.097	0.056	0.116	0.095	0.267	0.1	0.097	0.094	0.1	0.057	420