Procedure Summary																									
																									
Plate Type	384 WELL PLATE																								
Read	Read:  (A) 420																								
																									
420																									
	1	2	3	4	5	6	7	8	9	10	11	12	13	14	15	16	17	18	19	20	21	22	23	24	
A	0.069	0.12	0.069	0.067	0.065	0.067	0.068	0.072	0.069	0.076	0.07	0.067	0.18	0.053	0.05	0.054	0.072	0.062	0.065	0.056	0.068	0.062	0.1	0.28	420
B	0.071	0.07	0.108	0.069	0.052	0.089	0.07	0.071	0.07	0.071	0.068	0.074	0.062	0.066	0.069	0.102	0.065	0.142	0.158	0.379	0.068	0.085	0.113	0.128	420
C	0.2	0.073	0.115	0.055	0.066	0.055	0.065	0.068	0.084	0.054	0.065	0.05	0.068	0.07	0.3	0.055	0.064	0.048	0.091	0.089	0.067	0.056	0.091	0.331	420
D	0.076	0.052	0.072	0.069	0.059	0.052	0.075	0.067	0.067	0.059	0.059	0.069	0.066	0.086	0.067	0.082	0.065	0.053	0.064	0.07	0.067	0.071	0.128	0.162	420
E	0.072	0.071	0.069	0.052	0.068	0.068	0.068	0.076	0.071	0.096	0.046	0.069	0.047	0.065	0.06	0.051	0.1	0.081	0.068	0.065	0.066	0.05	0.066	0.11	420
F	0.07	0.069	0.069	0.091	0.05	0.07	0.066	0.078	0.07	0.098	0.093	0.065	0.067	0.102	0.069	0.075	0.091	0.082	0.136	0.069	0.069	0.069	0.069	0.154	420
G	0.074	0.073	0.065	0.073	0.071	0.069	0.066	0.048	0.072	0.077	0.05	0.065	0.122	0.101	0.105	0.068	0.067	0.117	0.07	0.078	0.096	0.095	0.14	0.068	420
H	0.07	0.067	0.071	0.073	0.067	0.069	0.068	0.069	0.065	0.071	0.075	0.076	0.061	0.079	0.105	0.07	0.067	0.076	0.074	0.067	0.075	0.051	0.068	0.053	420
I	0.105	0.085	0.082	0.068	0.086	0.066	0.07	0.066	0.085	0.077	0.068	0.049	0.068	0.051	0.114	0.06	0.071	0.068	0.065	0.074	0.047	0.067	0.067	0.097	420
J	0.054	0.085	0.066	0.07	0.086	0.064	0.05	0.077	0.072	0.067	0.091	0.076	0.078	0.09	0.053	0.089	0.065	0.08	0.111	0.05	0.11	0.08	0.07	0.24	420
K	0.067	0.068	0.068	0.068	0.07	0.066	0.068	0.07	0.075	0.055	0.069	0.047	0.068	0.263	0.12	0.071	0.063	0.074	0.049	0.08	0.049	0.09	0.048	0.175	420
L	0.068	0.072	0.073	0.07	0.067	0.073	0.066	0.065	0.072	0.072	0.067	0.068	0.068	0.046	0.056	0.085	0.097	0.067	0.067	0.047	0.141	0.155	0.066	0.101	420
M	0.052	0.072	0.068	0.075	0.076	0.071	0.067	0.069	0.126	0.07	0.081	0.087	0.072	0.049	0.085	0.081	0.049	0.067	0.098	0.079	0.117	0.09	0.052	0.158	420
N	0.068	0.052	0.081	0.07	0.072	0.067	0.069	0.067	0.066	0.08	0.254	0.075	0.073	0.067	0.085	0.053	0.068	0.067	0.067	0.077	0.142	0.069	0.064	0.127	420
O	0.074	0.081	0.052	0.072	0.111	0.068	0.049	0.077	0.053	0.084	0.089	0.071	0.075	0.132	0.069	0.092	0.081	0.091	0.089	0.069	0.09	0.069	0.142	0.053	420
P	0.088	0.075	0.072	0.083	0.07	0.072	0.073	0.071	0.068	0.072	0.076	0.069	0.069	0.118	0.078	0.092	0.069	0.098	0.089	0.127	0.071	0.071	0.069	0.117	420