Procedure Summary																									
																									
Plate Type	384 WELL PLATE																								
Read	Read:  (A) 420																								
																									
420																									
	1	2	3	4	5	6	7	8	9	10	11	12	13	14	15	16	17	18	19	20	21	22	23	24	
A	0.35	0.745	0.353	0.429	0.273	0.396	0.529	0.788	0.424	0.697	0.241	0.928	0.848	0.577	0.806	0.579	0.065	0.551	0.077	0.541	0.875	0.909	0.679	0.895	420
B	0.598	0.681	0.61	0.59	0.515	0.435	0.613	0.662	0.685	0.481	0.774	0.764	0.813	0.569	0.955	0.665	0.568	0.387	0.842	0.06	0.892	0.599	0.073	0.779	420
C	0.533	0.488	0.494	0.668	0.536	0.321	0.526	0.496	0.411	0.475	0.488	0.109	0.524	0.425	0.067	0.455	0.524	0.372	0.537	0.579	0.584	0.55	0.647	0.635	420
D	0.456	0.456	0.348	0.499	0.418	0.422	0.493	0.496	0.104	0.539	0.4	0.426	0.487	0.58	0.431	0.785	0.447	0.675	0.65	0.106	0.562	0.622	0.644	0.165	420
E	0.425	0.405	0.487	0.522	0.486	0.45	0.269	0.474	0.509	0.474	0.067	0.764	0.107	0.446	0.469	0.728	0.638	0.541	0.592	0.433	0.771	0.556	0.911	0.298	420
F	0.468	0.37	0.488	0.469	0.484	0.5	0.507	0.554	0.407	0.644	0.065	0.392	0.372	0.371	0.528	0.549	0.654	0.066	0.191	0.119	0.328	0.585	0.676	0.508	420
G	0.514	0.487	0.479	0.066	0.443	0.385	0.538	0.603	0.67	0.386	0.399	0.471	0.423	0.344	0.481	0.615	0.639	0.508	0.903	0.861	0.506	0.442	0.522	0.738	420
H	0.446	0.461	0.341	0.446	0.068	0.373	0.443	0.406	0.461	0.404	0.585	0.673	0.228	0.506	0.894	0.427	0.471	0.419	0.742	0.058	0.36	0.574	0.526	0.28	420
I	0.473	0.422	0.458	0.367	0.126	0.403	0.414	0.515	0.43	0.454	0.373	0.39	0.495	0.105	0.778	0.677	0.599	0.582	0.914	0.859	0.566	0.51	0.723	0.552	420
J	0.487	0.605	0.545	0.632	0.436	0.495	0.593	0.459	0.592	0.33	0.443	0.063	0.556	0.663	0.541	0.368	0.476	0.351	0.294	0.656	0.922	0.672	0.918	0.491	420
K	0.49	0.564	0.679	0.395	0.426	0.426	0.52	0.477	0.403	0.526	0.443	0.396	0.495	0.667	0.273	0.693	0.593	0.54	0.066	0.545	0.654	0.956	0.861	0.445	420
L	0.476	0.544	0.427	0.496	0.364	0.481	0.484	0.687	0.598	0.472	0.635	0.477	0.256	0.458	0.646	0.597	0.549	0.059	0.59	0.698	0.936	0.816	0.751	0.408	420
M	0.207	0.499	0.459	0.585	0.283	0.521	0.604	0.498	0.576	0.069	0.476	0.498	0.451	0.65	0.708	0.751	0.555	0.761	0.414	0.126	0.483	0.787	0.139	0.86	420
N	0.556	0.539	0.491	0.606	0.456	0.373	0.518	0.694	0.497	0.326	0.44	0.333	0.63	0.522	0.73	0.629	0.626	0.933	0.516	0.757	0.868	0.264	1.012	0.474	420
O	0.484	0.512	0.517	0.571	0.525	0.636	0.563	0.394	0.364	0.753	0.359	0.469	0.496	0.446	0.733	0.541	0.62	0.561	0.764	0.698	0.72	0.571	0.566	0.539	420
P	0.471	0.677	0.678	0.762	0.552	0.477	0.088	0.524	0.518	0.502	0.451	0.495	0.45	0.679	0.128	0.566	0.474	0.666	0.766	0.979	0.543	0.743	0.863	0.757	420