Procedure Summary																									
																									
Plate Type	384 WELL PLATE																								
Read	Read:  (A) 420																								
																									
420																									
	1	2	3	4	5	6	7	8	9	10	11	12	13	14	15	16	17	18	19	20	21	22	23	24	
A	0.185	0.259	0.119	0.186	0.051	0.381	0.052	0.268	0.067	0.284	0.054	0.179	0.077	0.35	0.055	0.224	0.066	0.183	0.052	0.168	0.055	0.166	0.174	0.294	420
B	0.061	0.059	0.058	0.052	0.055	0.053	0.059	0.056	0.055	0.05	0.054	0.052	0.054	0.139	0.057	0.049	0.058	0.055	0.054	0.056	0.055	0.054	0.056	0.057	420
C	0.161	0.317	0.064	0.256	0.053	0.248	0.051	0.178	0.069	0.21	0.051	0.197	0.052	0.205	0.124	0.229	0.058	0.355	0.051	0.195	0.191	0.186	0.257	0.518	420
D	0.111	0.058	0.075	0.059	0.053	0.056	0.051	0.053	0.05	0.05	0.052	0.052	0.163	0.056	0.053	0.102	0.059	0.053	0.052	0.051	0.053	0.064	0.055	0.068	420
E	0.058	0.056	0.056	0.204	0.058	0.24	0.052	0.208	0.058	0.201	0.054	0.229	0.051	0.17	0.051	0.27	0.054	0.209	0.051	0.251	0.058	0.298	0.058	0.175	420
F	0.127	0.058	0.056	0.059	0.052	0.054	0.052	0.054	0.053	0.05	0.049	0.05	0.05	0.049	0.051	0.05	0.052	0.051	0.051	0.051	0.05	0.05	0.053	0.054	420
G	0.056	0.223	0.069	0.219	0.07	0.191	0.053	0.219	0.083	0.206	0.193	0.215	0.051	0.191	0.051	0.244	0.055	0.423	0.226	0.297	0.056	0.161	0.148	0.248	420
H	0.054	0.054	0.052	0.051	0.049	0.051	0.051	0.047	0.049	0.05	0.049	0.049	0.05	0.054	0.05	0.05	0.049	0.049	0.052	0.048	0.116	0.049	0.053	0.05	420
I	0.272	0.202	0.206	0.21	0.255	0.25	0.2	0.228	0.057	0.237	0.211	0.289	0.201	0.18	0.27	0.539	0.05	0.522	0.251	0.63	0.051	0.282	0.186	0.163	420
J	0.058	0.051	0.056	0.056	0.054	0.055	0.057	0.051	0.052	0.055	0.051	0.052	0.053	0.053	0.051	0.051	0.154	0.047	0.051	0.462	0.465	0.092	0.439	0.055	420
K	0.234	0.205	0.208	0.248	0.268	0.189	0.232	0.376	0.411	0.26	0.604	0.28	0.059	1.055	0.281	0.25	0.197	0.205	0.196	0.266	0.208	0.164	0.185	0.287	420
L	0.055	0.056	0.055	0.053	0.053	0.073	0.138	0.053	0.049	0.048	0.051	0.125	0.054	0.05	0.127	0.055	0.056	0.056	0.06	0.053	0.187	0.055	0.055	0.125	420
M	0.222	0.234	0.202	0.221	0.305	0.051	0.234	0.051	0.228	0.054	0.315	0.054	0.446	0.053	0.443	0.295	0.218	0.206	0.285	0.257	0.214	0.247	0.169	0.254	420
N	0.092	0.136	0.09	0.056	0.06	0.105	0.057	0.048	0.053	0.123	0.175	0.055	0.06	0.055	0.057	0.058	0.057	0.053	0.054	0.057	0.173	0.058	0.088	0.055	420
O	0.222	0.338	0.327	0.088	0.254	0.23	0.282	0.104	0.237	0.436	0.266	0.274	0.372	0.057	0.24	0.056	0.238	0.055	0.257	0.233	0.178	0.158	0.824	0.219	420
P	0.064	0.274	0.227	0.205	0.054	0.055	0.06	0.23	0.07	0.064	0.17	0.057	0.096	0.055	0.058	0.054	0.063	0.057	0.057	0.156	0.056	0.248	0.179	0.082	420