Procedure Summary																									
																									
Plate Type	384 WELL PLATE																								
Read	Read:  (A) 420																								
																									
420																									
	1	2	3	4	5	6	7	8	9	10	11	12	13	14	15	16	17	18	19	20	21	22	23	24	
A	0.231	0.254	0.089	0.158	0.188	0.075	0.073	0.087	0.182	0.124	0.054	0.29	0.309	0.084	0.451	0.305	0.095	0.35	0.076	0.106	0.242	0.156	0.281	0.361	420
B	0.101	0.086	0.165	0.284	0.132	0.106	0.129	0.248	0.169	0.202	0.131	0.147	0.083	0.322	0.094	0.324	0.08	0.088	0.224	0.104	0.154	0.151	0.057	0.156	420
C	0.084	0.162	0.087	0.22	0.092	0.084	0.118	0.204	0.091	0.093	0.172	0.095	0.171	0.305	0.062	0.226	0.081	0.286	0.114	0.201	0.085	0.142	0.172	0.232	420
D	0.295	0.09	0.117	0.091	0.099	0.09	0.088	0.156	0.053	0.087	0.238	0.093	0.128	0.397	0.08	0.08	0.082	0.083	0.165	0.071	0.082	0.148	0.154	0.129	420
E	0.081	0.092	0.091	0.088	0.087	0.076	0.101	0.08	0.224	0.086	0.057	0.318	0.107	0.407	0.334	0.235	0.096	0.082	0.084	0.351	0.09	0.23	0.351	0.348	420
F	0.129	0.083	0.089	0.089	0.089	0.09	0.217	0.075	0.09	0.13	0.055	0.254	0.088	0.088	0.084	0.163	0.338	0.323	0.083	0.072	0.19	0.088	0.305	0.163	420
G	0.126	0.086	0.085	0.052	0.074	0.09	0.241	0.097	0.103	0.082	0.088	0.087	0.24	0.346	0.131	0.183	0.114	0.213	0.309	0.177	0.281	0.348	0.292	0.205	420
H	0.075	0.077	0.075	0.114	0.089	0.125	0.137	0.289	0.137	0.083	0.139	0.123	0.07	0.087	0.418	0.425	0.077	0.148	0.158	0.11	0.077	0.074	0.189	0.149	420
I	0.084	0.089	0.121	0.086	0.055	0.221	0.14	0.227	0.213	0.084	0.083	0.298	0.093	0.058	0.35	0.266	0.121	0.09	0.089	0.285	0.312	0.4	0.349	0.376	420
J	0.08	0.114	0.254	0.092	0.262	0.108	0.103	0.262	0.354	0.087	0.286	0.054	0.092	0.12	0.088	0.305	0.081	0.082	0.328	0.085	0.088	0.089	0.203	0.085	420
K	0.135	0.091	0.144	0.082	0.285	0.088	0.142	0.095	0.166	0.264	0.153	0.142	0.153	0.337	0.089	0.292	0.093	0.09	0.062	0.401	0.393	0.165	0.278	0.323	420
L	0.077	0.092	0.086	0.342	0.087	0.081	0.089	0.329	0.093	0.106	0.293	0.295	0.081	0.151	0.154	0.089	0.086	0.056	0.349	0.21	0.291	0.321	0.163	0.173	420
M	0.082	0.1	0.32	0.103	0.127	0.1	0.109	0.244	0.09	0.055	0.133	0.123	0.396	0.177	0.147	0.299	0.094	0.139	0.208	0.063	0.263	0.094	0.303	0.173	420
N	0.081	0.189	0.115	0.232	0.274	0.084	0.123	0.123	0.287	0.144	0.277	0.457	0.142	0.089	0.101	0.203	0.09	0.09	0.167	0.224	0.269	0.143	0.175	0.088	420
O	0.09	0.136	0.082	0.122	0.101	0.091	0.211	0.214	0.135	0.16	0.087	0.092	0.296	0.376	0.12	0.084	0.11	0.09	0.182	0.165	0.24	0.088	0.103	0.185	420
P	0.087	0.27	0.102	0.084	0.084	0.082	0.055	0.089	0.196	0.242	0.094	0.088	0.193	0.088	0.139	0.088	0.292	0.441	0.306	0.378	0.088	0.086	0.284	0.194	420