Procedure Summary																									
																									
Plate Type	384 WELL PLATE																								
Read	Read:  (A) 420																								
																									
420																									
	1	2	3	4	5	6	7	8	9	10	11	12	13	14	15	16	17	18	19	20	21	22	23	24	
A	0.05	0.092	0.072	0.071	0.072	0.075	0.058	0.074	0.068	0.064	0.051	0.075	0.338	0.254	0.357	0.247	0.053	0.138	0.062	0.277	0.35	0.447	0.243	0.227	420
B	0.103	0.079	0.082	0.072	0.074	0.074	0.074	0.075	0.105	0.07	0.049	0.069	0.209	0.07	0.289	0.276	0.071	0.18	0.26	0.049	0.103	0.069	0.052	0.135	420
C	0.077	0.077	0.078	0.094	0.072	0.07	0.068	0.081	0.091	0.069	0.091	0.051	0.082	0.072	0.049	0.067	0.072	0.064	0.208	0.244	0.08	0.085	0.112	0.408	420
D	0.071	0.074	0.076	0.071	0.071	0.069	0.074	0.071	0.05	0.067	0.066	0.071	0.119	0.086	0.049	0.19	0.092	0.096	0.082	0.049	0.088	0.068	0.128	0.058	420
E	0.074	0.081	0.069	0.072	0.069	0.113	0.072	0.084	0.083	0.071	0.059	0.209	0.061	0.069	0.072	0.078	0.148	0.099	0.17	0.104	0.078	0.246	0.072	0.143	420
F	0.083	0.075	0.08	0.126	0.07	0.07	0.075	0.096	0.108	0.125	0.056	0.097	0.079	0.148	0.111	0.132	0.222	0.058	0.064	0.068	0.096	0.072	0.128	0.163	420
G	0.081	0.089	0.073	0.066	0.075	0.074	0.071	0.075	0.051	0.092	0.08	0.109	0.11	0.111	0.085	0.127	0.075	0.176	0.29	0.117	0.131	0.066	0.112	0.239	420
H	0.073	0.082	0.07	0.111	0.045	0.071	0.071	0.101	0.073	0.08	0.077	0.074	0.088	0.081	0.25	0.126	0.073	0.14	0.161	0.049	0.085	0.133	0.073	0.049	420
I	0.09	0.082	0.076	0.065	0.057	0.076	0.081	0.06	0.069	0.073	0.079	0.08	0.108	0.052	0.182	0.084	0.286	0.35	0.089	0.103	0.099	0.071	0.137	0.166	420
J	0.08	0.077	0.078	0.09	0.09	0.071	0.085	0.085	0.328	0.089	0.089	0.047	0.075	0.356	0.122	0.103	0.064	0.098	0.152	0.05	0.192	0.071	0.076	0.08	420
K	0.085	0.051	0.085	0.124	0.073	0.078	0.068	0.072	0.08	0.085	0.071	0.083	0.08	0.07	0.123	0.072	0.097	0.079	0.052	0.132	0.069	0.151	0.072	0.171	420
L	0.076	0.091	0.154	0.08	0.076	0.082	0.07	0.072	0.074	0.08	0.091	0.291	0.052	0.056	0.108	0.105	0.122	0.047	0.24	0.048	0.164	0.108	0.066	0.149	420
M	0.062	0.083	0.1	0.077	0.1	0.088	0.087	0.071	0.101	0.054	0.1	0.12	0.076	0.106	0.114	0.195	0.191	0.073	0.202	0.051	0.129	0.209	0.051	0.314	420
N	0.074	0.074	0.071	0.087	0.082	0.091	0.073	0.091	0.108	0.103	0.128	0.089	0.099	0.077	0.186	0.084	0.087	0.318	0.072	0.222	0.129	0.308	0.32	0.053	420
O	0.083	0.079	0.075	0.093	0.088	0.08	0.092	0.139	0.103	0.082	0.167	0.073	0.137	0.184	0.157	0.15	0.076	0.154	0.146	0.218	0.181	0.128	0.206	0.16	420
P	0.084	0.094	0.123	0.107	0.076	0.12	0.051	0.161	0.111	0.086	0.183	0.076	0.128	0.212	0.052	0.118	0.163	0.051	0.215	0.261	0.181	0.174	0.156	0.153	420