Procedure Summary																									
																									
Plate Type	384 WELL PLATE																								
Read	Read:  (A) 420																								
																									
420																									
	1	2	3	4	5	6	7	8	9	10	11	12	13	14	15	16	17	18	19	20	21	22	23	24	
A	0.722	0.717	0.076	1.6	0.941	1.43	0.576	1.265	2.039	0.136	0.055	0.761	1.121	0.367	1.197	0.66	0.102	1.873	1.915	1.866	0.438	0.508	1.737	0.456	420
B	0.228	0.133	0.249	0.349	0.118	0.116	0.24	0.323	0.374	0.122	0.445	0.126	0.143	0.124	0.332	0.133	0.101	0.128	0.311	0.051	0.081	0.318	0.119	0.323	420
C	0.126	0.166	0.159	0.249	0.157	0.102	0.128	0.118	0.149	0.245	0.115	0.277	0.139	0.134	0.051	0.301	0.072	0.18	0.383	0.144	0.111	0.115	0.585	0.287	420
D	0.129	0.237	0.139	0.153	0.119	0.132	0.139	0.117	0.054	0.314	0.313	0.119	0.124	0.152	0.051	0.148	0.117	0.302	0.118	0.048	0.074	0.141	0.302	0.055	420
E	0.127	0.117	0.277	0.108	0.13	0.131	0.124	0.097	0.117	0.269	0.056	0.413	0.059	0.284	0.246	0.122	0.094	0.122	0.389	0.395	0.224	0.411	0.365	0.202	420
F	0.179	0.115	0.121	0.113	0.123	0.122	0.125	0.126	0.136	0.134	0.052	0.115	0.125	0.118	0.155	0.334	0.283	0.05	0.092	0.053	0.354	0.118	0.18	0.277	420
G	0.117	0.117	0.119	0.052	0.122	0.123	0.122	0.136	0.109	0.137	0.13	0.203	0.109	0.308	0.133	0.169	0.251	0.134	0.355	0.13	0.124	0.359	0.173	0.326	420
H	0.116	0.105	0.1	0.103	0.052	0.156	0.106	0.116	0.12	0.105	0.122	0.121	0.095	0.117	0.174	0.147	0.1	0.095	0.097	0.051	0.107	0.351	0.5	0.178	420
I	0.135	0.161	0.235	0.28	0.053	0.143	0.118	0.18	0.127	0.337	0.194	0.119	0.128	0.055	0.138	0.118	0.201	0.125	0.119	0.109	0.437	0.055	0.122	0.15	420
J	0.134	0.149	0.112	0.227	0.137	0.141	0.192	0.336	0.22	0.338	0.136	0.051	0.134	0.121	0.116	0.092	0.099	0.109	0.299	0.378	0.347	0.171	0.109	0.128	420
K	0.134	0.295	0.511	0.095	0.126	0.124	0.149	0.12	0.123	0.269	0.129	0.137	0.12	0.14	0.128	0.125	0.13	0.126	0.055	0.121	0.125	0.138	0.118	0.096	420
L	0.111	0.147	0.113	0.127	0.138	0.139	0.115	0.119	0.119	0.124	0.142	0.122	0.095	0.173	0.124	0.121	0.115	0.055	0.145	0.298	0.128	0.121	0.103	0.059	420
M	0.1	0.145	0.119	0.22	0.056	0.121	0.257	0.145	0.124	0.055	0.326	0.12	0.187	0.122	0.129	0.128	0.151	0.125	0.374	0.062	0.124	0.355	0.057	0.415	420
N	0.129	0.139	0.11	0.238	0.124	0.111	0.113	0.125	0.139	0.095	0.127	0.107	0.126	0.117	0.288	0.13	0.13	0.122	0.112	0.56	0.123	0.105	0.402	0.063	420
O	0.127	0.145	0.105	0.117	0.141	0.148	0.117	0.307	0.271	0.122	0.306	0.25	0.167	0.115	0.118	0.123	0.113	0.122	0.111	0.129	0.112	0.111	0.118	0.327	420
P	0.124	0.117	0.167	0.113	0.129	0.107	0.056	0.118	0.121	0.121	0.122	0.126	0.163	0.222	0.059	0.189	0.292	0.39	0.158	0.113	0.125	0.12	0.122	0.392	420