Procedure Summary																									
																									
Plate Type	384 WELL PLATE																								
Read	Read:  (A) 420																								
																									
420																									
	1	2	3	4	5	6	7	8	9	10	11	12	13	14	15	16	17	18	19	20	21	22	23	24	
A	0.068	0.089	0.065	0.072	0.079	0.077	0.069	0.064	0.064	0.069	0.263	0.065	0.216	0.203	0.152	0.075	0.297	0.25	0.078	0.132	0.107	0.104	0.117	0.19	420
B	0.068	0.067	0.067	0.065	0.065	0.162	0.068	0.067	0.079	0.066	0.2	0.065	0.068	0.081	0.244	0.055	0.067	0.165	0.068	0.11	0.185	0.071	0.179	0.12	420
C	0.065	0.072	0.066	0.075	0.065	0.062	0.07	0.068	0.067	0.069	0.069	0.064	0.088	0.05	0.065	0.08	0.065	0.067	0.063	0.07	0.078	0.074	0.12	0.125	420
D	0.071	0.049	0.078	0.048	0.071	0.063	0.048	0.075	0.069	0.067	0.066	0.088	0.065	0.063	0.074	0.083	0.067	0.1	0.077	0.108	0.074	0.071	0.071	0.158	420
E	0.069	0.065	0.085	0.047	0.063	0.063	0.061	0.064	0.065	0.07	0.064	0.058	0.065	0.063	0.074	0.065	0.131	0.066	0.065	0.065	0.071	0.068	0.07	0.139	420
F	0.052	0.051	0.069	0.066	0.078	0.069	0.062	0.064	0.062	0.07	0.065	0.072	0.086	0.068	0.141	0.065	0.093	0.068	0.157	0.049	0.072	0.071	0.064	0.15	420
G	0.051	0.066	0.064	0.047	0.063	0.062	0.062	0.045	0.049	0.064	0.073	0.087	0.073	0.084	0.07	0.065	0.064	0.113	0.075	0.113	0.116	0.07	0.072	0.138	420
H	0.068	0.065	0.068	0.063	0.07	0.071	0.069	0.065	0.075	0.07	0.047	0.067	0.068	0.068	0.128	0.063	0.066	0.073	0.066	0.063	0.064	0.071	0.061	0.049	420
I	0.07	0.051	0.066	0.068	0.069	0.065	0.072	0.067	0.271	0.053	0.064	0.071	0.082	0.079	0.113	0.063	0.078	0.08	0.073	0.126	0.068	0.093	0.052	0.146	420
J	0.055	0.063	0.069	0.069	0.08	0.072	0.071	0.067	0.065	0.046	0.067	0.073	0.069	0.126	0.075	0.074	0.065	0.079	0.117	0.147	0.087	0.113	0.071	0.139	420
K	0.073	0.064	0.064	0.065	0.079	0.067	0.065	0.069	0.078	0.07	0.08	0.066	0.073	0.267	0.107	0.066	0.067	0.071	0.068	0.066	0.071	0.084	0.047	0.054	420
L	0.067	0.068	0.067	0.084	0.074	0.077	0.05	0.074	0.071	0.087	0.068	0.067	0.091	0.064	0.065	0.069	0.089	0.066	0.069	0.065	0.211	0.191	0.054	0.228	420
M	0.068	0.07	0.075	0.072	0.074	0.073	0.073	0.084	0.068	0.098	0.086	0.116	0.07	0.067	0.078	0.096	0.101	0.068	0.074	0.085	0.073	0.119	0.115	0.18	420
N	0.073	0.074	0.07	0.053	0.076	0.079	0.076	0.074	0.072	0.072	0.129	0.073	0.08	0.051	0.072	0.07	0.074	0.122	0.08	0.073	0.088	0.072	0.172	0.14	420
O	0.071	0.078	0.07	0.07	0.071	0.065	0.077	0.096	0.073	0.07	0.075	0.069	0.077	0.079	0.068	0.068	0.07	0.069	0.088	0.069	0.074	0.076	0.14	0.11	420
P	0.071	0.073	0.053	0.068	0.067	0.05	0.069	0.066	0.05	0.068	0.074	0.069	0.066	0.074	0.07	0.076	0.052	0.047	0.051	0.075	0.067	0.071	0.072	0.055	420