Procedure Summary																									
																									
Plate Type	384 WELL PLATE																								
Read	Read:  (A) 420																								
																									
420																									
	1	2	3	4	5	6	7	8	9	10	11	12	13	14	15	16	17	18	19	20	21	22	23	24	
A	0.085	0.052	0.072	0.063	0.066	0.067	0.07	0.332	0.112	0.151	0.181	0.125	0.319	0.052	0.05	0.051	0.072	0.051	0.073	0.057	0.076	0.059	0.098	0.24	420
B	0.212	0.074	0.165	0.07	0.051	0.069	0.072	0.207	0.329	0.068	0.078	0.072	0.051	0.073	0.101	0.213	0.081	0.219	0.279	0.071	0.113	0.123	0.075	0.158	420
C	0.292	0.074	0.069	0.051	0.076	0.053	0.071	0.071	0.084	0.05	0.071	0.05	0.086	0.068	0.071	0.052	0.071	0.051	0.073	0.071	0.07	0.058	0.103	0.103	420
D	0.073	0.051	0.071	0.095	0.053	0.054	0.069	0.069	0.071	0.054	0.058	0.079	0.083	0.077	0.067	0.169	0.123	0.145	0.158	0.224	0.117	0.071	0.076	0.152	420
E	0.074	0.072	0.072	0.051	0.069	0.071	0.081	0.068	0.07	0.07	0.049	0.056	0.053	0.066	0.065	0.055	0.07	0.106	0.136	0.072	0.07	0.052	0.071	0.075	420
F	0.075	0.078	0.074	0.072	0.051	0.069	0.069	0.073	0.07	0.07	0.075	0.069	0.072	0.119	0.072	0.129	0.12	0.255	0.071	0.069	0.128	0.074	0.071	0.092	420
G	0.08	0.073	0.073	0.07	0.071	0.068	0.069	0.053	0.073	0.068	0.053	0.052	0.069	0.11	0.116	0.053	0.069	0.17	0.071	0.07	0.053	0.07	0.072	0.071	420
H	0.072	0.072	0.069	0.079	0.071	0.085	0.071	0.073	0.072	0.074	0.069	0.075	0.051	0.07	0.073	0.102	0.07	0.102	0.072	0.068	0.066	0.054	0.072	0.056	420
I	0.082	0.073	0.079	0.072	0.073	0.079	0.072	0.069	0.084	0.068	0.097	0.053	0.107	0.048	0.114	0.053	0.069	0.114	0.055	0.072	0.052	0.072	0.075	0.096	420
J	0.061	0.072	0.072	0.109	0.073	0.071	0.082	0.073	0.071	0.087	0.074	0.069	0.076	0.115	0.159	0.107	0.068	0.109	0.104	0.051	0.075	0.079	0.092	0.231	420
K	0.074	0.073	0.073	0.073	0.075	0.071	0.077	0.074	0.073	0.068	0.069	0.054	0.077	0.072	0.159	0.075	0.055	0.053	0.053	0.092	0.055	0.073	0.066	0.586	420
L	0.076	0.079	0.069	0.075	0.072	0.071	0.072	0.07	0.072	0.08	0.07	0.069	0.076	0.051	0.182	0.091	0.097	0.069	0.108	0.052	0.1	0.075	0.072	0.076	420
M	0.057	0.075	0.082	0.073	0.052	0.074	0.116	0.074	0.059	0.139	0.093	0.136	0.076	0.056	0.207	0.082	0.107	0.077	0.148	0.074	0.119	0.075	0.056	0.19	420
N	0.076	0.053	0.113	0.078	0.073	0.07	0.072	0.073	0.073	0.079	0.073	0.107	0.074	0.071	0.077	0.061	0.074	0.076	0.072	0.079	0.076	0.078	0.059	0.1	420
O	0.081	0.073	0.055	0.073	0.058	0.079	0.056	0.119	0.056	0.067	0.074	0.079	0.08	0.147	0.119	0.126	0.09	0.08	0.058	0.076	0.074	0.074	0.059	0.179	420
P	0.1	0.135	0.08	0.105	0.078	0.076	0.14	0.175	0.076	0.078	0.082	0.076	0.074	0.08	0.113	0.084	0.078	0.078	0.123	0.099	0.079	0.079	0.171	0.148	420