Procedure Summary																									
																									
Plate Type	384 WELL PLATE																								
Read	Read:  (A) 420																								
																									
420																									
	1	2	3	4	5	6	7	8	9	10	11	12	13	14	15	16	17	18	19	20	21	22	23	24	
A	0.058	0.072	0.052	0.066	0.049	0.064	0.049	0.064	0.053	0.076	0.104	0.066	0.099	0.202	0.055	0.082	0.05	0.315	0.052	0.089	0.051	0.117	0.052	0.469	420
B	0.053	0.051	0.05	0.051	0.051	0.051	0.049	0.051	0.052	0.048	0.072	0.051	0.067	0.063	0.049	0.048	0.049	0.216	0.086	0.106	0.061	0.052	0.145	0.086	420
C	0.051	0.068	0.048	0.069	0.049	0.068	0.049	0.072	0.049	0.066	0.05	0.067	0.05	0.065	0.049	0.116	0.048	0.047	0.058	0.065	0.065	0.111	0.1	0.146	420
D	0.052	0.051	0.052	0.05	0.049	0.05	0.048	0.049	0.049	0.049	0.05	0.092	0.048	0.049	0.048	0.08	0.061	0.061	0.069	0.073	0.063	0.063	0.052	0.099	420
E	0.049	0.063	0.05	0.069	0.05	0.065	0.05	0.069	0.06	0.071	0.048	0.078	0.049	0.06	0.065	0.069	0.047	0.078	0.048	0.076	0.049	0.069	0.051	0.147	420
F	0.052	0.051	0.05	0.05	0.047	0.05	0.045	0.049	0.05	0.082	0.087	0.078	0.064	0.05	0.104	0.048	0.084	0.05	0.047	0.05	0.048	0.047	0.048	0.371	420
G	0.051	0.072	0.049	0.067	0.049	0.065	0.049	0.065	0.072	0.07	0.076	0.07	0.047	0.081	0.082	0.049	0.046	0.164	0.062	0.316	0.046	0.087	0.052	0.177	420
H	0.05	0.048	0.05	0.05	0.05	0.048	0.048	0.045	0.045	0.051	0.055	0.072	0.06	0.061	0.364	0.051	0.048	0.063	0.049	0.049	0.045	0.048	0.053	0.053	420
I	0.068	0.09	0.088	0.072	0.067	0.069	0.068	0.068	0.065	0.071	0.077	0.078	0.08	0.076	0.111	0.071	0.336	0.398	0.083	0.462	0.094	0.49	0.071	0.451	420
J	0.05	0.047	0.05	0.05	0.049	0.046	0.049	0.049	0.049	0.047	0.073	0.05	0.053	0.073	0.168	0.071	0.05	0.229	0.069	0.068	0.049	0.286	0.374	0.173	420
K	0.066	0.073	0.071	0.067	0.075	0.07	0.069	0.069	0.07	0.073	0.086	0.078	0.056	0.266	0.107	0.065	0.335	0.066	0.086	0.087	0.314	0.07	0.066	0.21	420
L	0.051	0.051	0.052	0.055	0.049	0.09	0.045	0.049	0.047	0.047	0.086	0.075	0.061	0.047	0.048	0.087	0.147	0.05	0.053	0.046	0.096	0.172	0.048	0.176	420
M	0.068	0.079	0.068	0.077	0.078	0.078	0.078	0.051	0.077	0.288	0.17	0.14	0.071	0.092	0.085	0.085	0.083	0.065	0.174	0.318	0.266	0.069	0.097	0.258	420
N	0.052	0.052	0.048	0.051	0.055	0.062	0.05	0.047	0.072	0.077	0.048	0.126	0.053	0.049	0.069	0.049	0.05	0.047	0.05	0.052	0.182	0.138	0.139	0.084	420
O	0.074	0.073	0.089	0.051	0.105	0.075	0.066	0.053	0.07	0.111	0.174	0.142	0.057	0.114	0.133	0.08	0.089	0.051	0.204	0.096	0.238	0.079	0.181	0.257	420
P	0.053	0.051	0.048	0.057	0.048	0.048	0.049	0.048	0.054	0.05	0.08	0.05	0.05	0.073	0.058	0.05	0.047	0.047	0.12	0.293	0.077	0.049	0.048	0.047	420