Procedure Summary																									
																									
Plate Type	384 WELL PLATE																								
Read	Read:  (A) 420																								
																									
420																									
	1	2	3	4	5	6	7	8	9	10	11	12	13	14	15	16	17	18	19	20	21	22	23	24	
A	0.159	0.311	0.113	0.162	0.186	0.121	0.062	0.284	0.309	0.394	0.29	0.428	0.052	0.383	0.054	0.367	0.108	0.24	0.304	0.357	0.416	0.475	0.399	0.413	420
B	0.108	0.186	0.101	0.054	0.345	0.11	0.051	0.124	0.364	0.064	0.312	0.081	0.063	0.053	0.345	0.055	0.055	0.164	0.401	0.053	0.32	0.091	0.061	0.427	420
C	0.081	0.157	0.056	0.129	0.264	0.137	0.309	0.344	0.105	0.356	0.096	0.188	0.057	0.428	0.064	0.129	0.164	0.263	0.053	0.409	0.108	0.123	0.475	0.293	420
D	0.101	0.058	0.052	0.055	0.058	0.104	0.051	0.052	0.052	0.056	0.334	0.098	0.052	0.055	0.054	0.541	0.056	0.32	0.051	0.301	0.054	0.082	0.498	0.18	420
E	0.086	0.249	0.06	0.132	0.11	0.146	0.092	0.176	0.078	0.379	0.323	0.352	0.119	0.351	0.357	0.129	0.079	0.123	0.343	0.121	0.404	0.133	0.456	0.618	420
F	0.086	0.055	0.094	0.054	0.055	0.186	0.049	0.08	0.313	0.297	0.103	0.067	0.119	0.077	0.124	0.375	0.402	0.065	0.115	0.061	0.127	0.059	0.473	0.129	420
G	0.097	0.161	0.099	0.13	0.055	0.146	0.082	0.12	0.054	0.15	0.289	0.155	0.246	0.406	0.093	0.403	0.088	0.135	0.138	0.133	0.058	0.445	0.071	0.392	420
H	0.091	0.054	0.053	0.053	0.053	0.055	0.062	0.051	0.049	0.062	0.262	0.103	0.315	0.07	0.078	0.32	0.057	0.062	0.375	0.055	0.058	0.058	0.46	0.131	420
I	0.159	0.144	0.134	0.257	0.139	0.163	0.335	0.157	0.056	0.32	0.377	0.205	0.144	0.14	0.147	0.347	0.313	0.143	0.136	0.412	0.407	0.136	0.13	0.253	420
J	0.1	0.054	0.055	0.245	0.078	0.056	0.267	0.091	0.078	0.314	0.084	0.053	0.073	0.06	0.056	0.055	0.133	0.057	0.059	0.326	0.336	0.431	0.066	0.059	420
K	0.161	0.154	0.121	0.169	0.199	0.127	0.144	0.295	0.139	0.364	0.16	0.189	0.287	0.629	0.138	0.135	0.143	0.148	0.118	0.126	0.373	0.152	0.126	0.167	420
L	0.088	0.059	0.056	0.058	0.052	0.056	0.054	0.093	0.051	0.053	0.296	0.09	0.055	0.058	0.099	0.075	0.069	0.075	0.088	0.055	0.066	0.303	0.07	0.124	420
M	0.118	0.152	0.137	0.146	0.272	0.059	0.272	0.084	0.138	0.064	0.292	0.272	0.298	0.063	0.14	0.339	0.16	0.136	0.132	0.162	0.148	0.378	0.351	0.215	420
N	0.077	0.081	0.053	0.06	0.064	0.065	0.076	0.053	0.07	0.055	0.054	0.054	0.061	0.075	0.275	0.255	0.31	0.105	0.07	0.327	0.403	0.321	0.386	0.519	420
O	0.137	0.175	0.134	0.058	0.278	0.252	0.261	0.266	0.178	0.116	0.289	0.288	0.154	0.089	0.168	0.092	0.138	0.063	0.338	0.21	0.341	0.13	0.416	0.16	420
P	0.063	0.065	0.109	0.059	0.057	0.058	0.053	0.155	0.056	0.061	0.059	0.06	0.388	0.125	0.127	0.306	0.059	0.059	0.129	0.227	0.067	0.059	0.167	0.194	420