Procedure Summary																									
																									
Plate Type	384 WELL PLATE																								
Read	Read:  (A) 420																								
																									
420																									
	1	2	3	4	5	6	7	8	9	10	11	12	13	14	15	16	17	18	19	20	21	22	23	24	
A	0.238	0.249	0.213	0.185	0.196	0.128	0.189	0.132	0.251	0.355	0.126	0.125	0.169	0.202	0.129	0.189	0.181	0.114	0.128	0.137	0.123	0.06	0.068	0.139	420
B	0.198	0.147	0.155	0.175	0.142	0.147	0.074	0.175	0.148	0.054	0.141	0.146	0.148	0.14	0.15	0.052	0.131	0.147	0.146	0.153	0.224	0.143	0.15	0.183	420
C	0.143	0.204	0.146	0.057	0.197	0.138	0.166	0.16	0.162	0.055	0.135	0.052	0.137	0.138	0.149	0.139	0.146	0.193	0.168	0.691	0.057	0.139	0.152	0.169	420
D	0.153	0.185	0.144	0.131	0.188	0.148	0.168	0.073	0.058	0.157	0.143	0.136	0.139	0.181	0.134	0.288	0.135	0.15	0.129	0.347	0.142	0.393	0.15	0.218	420
E	0.139	0.197	0.193	0.175	0.19	0.167	0.143	0.142	0.144	0.128	0.187	0.134	0.314	0.167	0.142	0.113	0.145	0.138	0.13	0.151	0.053	0.185	0.148	0.268	420
F	0.165	0.171	0.168	0.187	0.102	0.17	0.064	0.136	0.145	0.193	0.16	0.134	0.132	0.132	0.204	0.127	0.157	0.094	0.141	0.126	0.052	0.053	0.152	0.14	420
G	0.185	0.189	0.141	0.139	0.141	0.172	0.143	0.143	0.141	0.138	0.053	0.052	0.052	0.182	0.128	0.215	0.177	0.137	0.139	0.14	0.145	0.217	0.152	0.175	420
H	0.189	0.176	0.137	0.116	0.115	0.118	0.083	0.048	0.05	0.12	0.115	0.106	0.194	0.113	0.116	0.116	0.141	0.115	0.113	0.102	0.112	0.051	0.124	0.056	420
I	0.189	0.136	0.056	0.154	0.159	0.193	0.087	0.186	0.15	0.135	0.124	0.16	0.056	0.144	0.051	0.133	0.133	0.121	0.137	0.13	0.221	0.14	0.127	0.144	420
J	0.172	0.057	0.138	0.17	0.137	0.123	0.171	0.125	0.155	0.131	0.158	0.054	0.133	0.17	0.116	0.131	0.131	0.051	0.095	0.417	0.208	0.165	0.142	0.135	420
K	0.159	0.058	0.056	0.133	0.132	0.131	0.165	0.13	0.125	0.144	0.138	0.119	0.151	0.177	0.14	0.121	0.321	0.137	0.128	0.136	0.249	0.153	0.13	0.14	420
L	0.133	0.146	0.14	0.127	0.056	0.16	0.137	0.13	0.057	0.095	0.136	0.131	0.144	0.055	0.147	0.171	0.156	0.158	0.161	0.084	0.161	0.128	0.152	0.132	420
M	0.128	0.11	0.128	0.142	0.197	0.14	0.191	0.189	0.167	0.129	0.126	0.136	0.139	0.122	0.124	0.15	0.147	0.159	0.139	0.138	0.13	0.192	0.057	0.152	420
N	0.15	0.153	0.151	0.128	0.149	0.15	0.179	0.055	0.161	0.133	0.148	0.134	0.13	0.052	0.15	0.142	0.147	0.138	0.119	0.15	0.126	0.252	0.161	0.16	420
O	0.183	0.181	0.141	0.138	0.061	0.13	0.156	0.267	0.163	0.478	0.236	0.174	0.135	0.134	0.126	0.137	0.134	0.133	0.191	0.313	0.204	0.147	0.138	0.136	420
P	0.13	0.149	0.167	0.127	0.125	0.129	0.053	0.134	0.127	0.14	0.151	0.137	0.211	0.145	0.154	0.058	0.133	0.131	0.135	0.157	0.132	0.137	0.133	0.318	420