Procedure Summary																									
																									
Plate Type	384 WELL PLATE																								
Read	Read:  (A) 420																								
																									
420																									
	1	2	3	4	5	6	7	8	9	10	11	12	13	14	15	16	17	18	19	20	21	22	23	24	
A	0.055	0.073	0.054	0.081	0.053	0.072	0.053	0.257	0.051	0.071	0.055	0.066	0.055	0.129	0.054	0.067	0.052	0.066	0.051	0.078	0.053	0.07	0.052	0.09	420
B	0.054	0.054	0.052	0.057	0.059	0.073	0.052	0.055	0.058	0.054	0.057	0.054	0.049	0.051	0.058	0.05	0.052	0.059	0.059	0.051	0.051	0.052	0.058	0.055	420
C	0.052	0.074	0.053	0.072	0.051	0.07	0.053	0.078	0.055	0.072	0.056	0.066	0.059	0.072	0.097	0.069	0.052	0.071	0.06	0.086	0.07	0.205	0.057	0.422	420
D	0.054	0.054	0.061	0.053	0.05	0.051	0.052	0.051	0.053	0.055	0.051	0.049	0.051	0.056	0.053	0.055	0.053	0.052	0.057	0.056	0.06	0.06	0.059	0.502	420
E	0.052	0.053	0.052	0.072	0.049	0.068	0.051	0.075	0.056	0.068	0.057	0.067	0.049	0.067	0.052	0.069	0.053	0.07	0.054	0.071	0.053	0.065	0.053	0.163	420
F	0.052	0.05	0.05	0.052	0.047	0.05	0.048	0.05	0.052	0.053	0.05	0.053	0.055	0.147	0.056	0.053	0.054	0.216	0.056	0.05	0.05	0.052	0.053	0.063	420
G	0.053	0.072	0.049	0.067	0.052	0.065	0.051	0.066	0.052	0.065	0.071	0.069	0.05	0.071	0.054	0.086	0.053	0.082	0.071	0.068	0.053	0.071	0.055	0.079	420
H	0.052	0.05	0.058	0.051	0.059	0.051	0.052	0.051	0.047	0.053	0.049	0.054	0.051	0.058	0.071	0.052	0.052	0.052	0.053	0.05	0.054	0.051	0.062	0.058	420
I	0.107	0.069	0.07	0.069	0.074	0.069	0.065	0.069	0.068	0.074	0.067	0.076	0.07	0.071	0.108	0.069	0.054	0.069	0.072	0.073	0.071	0.075	0.07	0.125	420
J	0.053	0.051	0.053	0.053	0.052	0.05	0.091	0.06	0.051	0.051	0.124	0.053	0.052	0.053	0.055	0.055	0.054	0.05	0.051	0.059	0.11	0.053	0.061	0.061	420
K	0.076	0.068	0.067	0.072	0.077	0.071	0.07	0.071	0.069	0.092	0.1	0.085	0.057	0.121	0.117	0.07	0.069	0.07	0.066	0.081	0.071	0.072	0.074	0.092	420
L	0.053	0.054	0.052	0.052	0.051	0.082	0.052	0.051	0.056	0.049	0.054	0.054	0.059	0.052	0.055	0.114	0.054	0.055	0.22	0.054	0.165	0.215	0.056	0.061	420
M	0.074	0.069	0.072	0.078	0.097	0.074	0.101	0.052	0.076	0.052	0.074	0.064	0.075	0.071	0.078	0.076	0.072	0.073	0.068	0.084	0.073	0.076	0.075	0.143	420
N	0.055	0.058	0.054	0.063	0.055	0.051	0.056	0.051	0.055	0.058	0.053	0.053	0.058	0.05	0.052	0.054	0.053	0.056	0.056	0.06	0.057	0.059	0.067	0.061	420
O	0.075	0.075	0.078	0.055	0.073	0.076	0.076	0.058	0.073	0.061	0.125	0.07	0.079	0.061	0.072	0.055	0.076	0.058	0.074	0.076	0.079	0.075	0.128	0.091	420
P	0.056	0.104	0.084	0.058	0.053	0.055	0.057	0.085	0.057	0.059	0.064	0.056	0.051	0.056	0.06	0.054	0.058	0.055	0.061	0.075	0.062	0.069	0.077	0.058	420