Procedure Summary																									
																									
Plate Type	384 WELL PLATE																								
Read	Read:  (A) 420																								
																									
420																									
	1	2	3	4	5	6	7	8	9	10	11	12	13	14	15	16	17	18	19	20	21	22	23	24	
A	0.049	0.158	0.168	0.115	0.102	0.139	0.095	0.226	0.169	0.1	0.056	0.233	0.152	0.099	0.4	0.308	0.048	0.386	0.046	0.255	0.1	0.298	0.325	0.44	420
B	0.153	0.148	0.144	0.13	0.172	0.108	0.13	0.115	0.114	0.113	0.149	0.135	0.128	0.115	0.321	0.134	0.125	0.139	0.13	0.046	0.135	0.088	0.048	0.188	420
C	0.141	0.134	0.156	0.171	0.124	0.154	0.13	0.126	0.127	0.101	0.114	0.051	0.125	0.201	0.05	0.119	0.137	0.11	0.096	0.109	0.094	0.12	0.141	0.231	420
D	0.144	0.144	0.119	0.134	0.118	0.123	0.12	0.128	0.047	0.102	0.12	0.122	0.098	0.157	0.046	0.115	0.115	0.093	0.097	0.045	0.095	0.088	0.098	0.049	420
E	0.132	0.16	0.131	0.121	0.14	0.101	0.126	0.363	0.108	0.109	0.046	0.397	0.047	0.112	0.142	0.139	0.11	0.095	0.338	0.268	0.091	0.132	0.101	0.286	420
F	0.168	0.191	0.107	0.12	0.123	0.115	0.115	0.108	0.17	0.127	0.048	0.108	0.108	0.106	0.115	0.115	0.125	0.045	0.111	0.045	0.175	0.089	0.149	0.174	420
G	0.122	0.107	0.115	0.045	0.111	0.134	0.15	0.128	0.109	0.12	0.147	0.13	0.122	0.247	0.124	0.16	0.122	0.138	0.108	0.162	0.142	0.095	0.187	0.181	420
H	0.108	0.105	0.092	0.095	0.047	0.104	0.107	0.095	0.118	0.093	0.086	0.084	0.087	0.09	0.105	0.088	0.096	0.105	0.333	0.045	0.092	0.088	0.092	0.171	420
I	0.147	0.138	0.12	0.153	0.048	0.127	0.137	0.256	0.135	0.098	0.136	0.129	0.217	0.046	0.131	0.22	0.148	0.201	0.192	0.123	0.099	0.049	0.098	0.101	420
J	0.115	0.189	0.117	0.133	0.122	0.11	0.114	0.106	0.107	0.152	0.136	0.046	0.102	0.099	0.096	0.098	0.407	0.135	0.114	0.275	0.125	0.09	0.108	0.089	420
K	0.131	0.112	0.163	0.103	0.14	0.132	0.092	0.112	0.129	0.107	0.121	0.121	0.102	0.212	0.14	0.107	0.159	0.134	0.047	0.268	0.111	0.103	0.101	0.347	420
L	0.113	0.154	0.138	0.118	0.107	0.105	0.114	0.096	0.109	0.111	0.107	0.101	0.086	0.045	0.104	0.091	0.094	0.046	0.121	0.248	0.18	0.107	0.103	0.047	420
M	0.09	0.115	0.126	0.155	0.047	0.119	0.126	0.112	0.113	0.046	0.153	0.204	0.143	0.137	0.123	0.287	0.094	0.102	0.102	0.049	0.224	0.11	0.049	0.098	420
N	0.128	0.141	0.099	0.131	0.117	0.112	0.106	0.115	0.104	0.114	0.106	0.105	0.134	0.113	0.105	0.18	0.102	0.096	0.133	0.411	0.149	0.112	0.148	0.05	420
O	0.113	0.149	0.107	0.143	0.111	0.143	0.132	0.097	0.122	0.142	0.1	0.113	0.168	0.116	0.1	0.102	0.108	0.141	0.117	0.115	0.084	0.134	0.102	0.196	420
P	0.117	0.101	0.17	0.105	0.106	0.1	0.053	0.114	0.123	0.12	0.123	0.098	0.096	0.096	0.048	0.093	0.112	0.272	0.144	0.123	0.117	0.307	0.094	0.176	420