Procedure Summary																									
																									
Plate Type	384 WELL PLATE																								
Read	Read:  (A) 420																								
																									
420																									
	1	2	3	4	5	6	7	8	9	10	11	12	13	14	15	16	17	18	19	20	21	22	23	24	
A	0.405	0.302	0.266	0.165	0.291	0.174	0.268	0.234	0.182	0.283	0.195	0.223	0.328	0.208	0.177	0.523	0.403	0.948	0.233	0.197	0.263	0.207	0.199	0.579	420
B	0.436	0.183	0.238	0.205	0.198	0.179	0.176	0.227	0.217	0.148	0.198	0.197	0.302	0.13	0.298	0.051	0.202	0.172	0.189	0.838	0.429	0.368	0.214	0.219	420
C	0.239	0.338	0.228	0.05	0.185	0.171	0.261	0.226	0.187	0.259	0.183	0.176	0.268	0.051	0.315	0.229	0.252	0.335	0.25	0.189	0.19	0.231	0.53	0.248	420
D	0.293	0.052	0.204	0.32	0.369	0.21	0.197	0.231	0.199	0.188	0.192	0.209	0.222	0.231	0.285	0.216	0.171	0.326	0.208	0.183	0.191	0.254	0.205	0.219	420
E	0.271	0.237	0.212	0.052	0.166	0.164	0.196	0.197	0.196	0.243	0.182	0.108	0.156	0.152	0.212	0.453	0.255	0.203	0.28	0.734	0.508	0.173	0.468	0.179	420
F	0.183	0.1	0.228	0.229	0.268	0.195	0.207	0.252	0.204	0.168	0.262	0.375	0.333	0.197	0.256	0.235	0.196	0.282	0.187	0.053	0.169	0.191	0.257	0.172	420
G	0.362	0.266	0.18	0.052	0.156	0.218	0.232	0.052	0.049	0.203	0.167	0.184	0.203	0.191	0.213	0.261	0.198	0.167	0.322	0.412	0.191	0.22	0.269	0.504	420
H	0.18	0.175	0.168	0.298	0.157	0.157	0.214	0.149	0.168	0.135	0.23	0.182	0.161	0.134	0.178	0.117	0.211	0.187	0.17	0.217	0.132	0.128	0.131	0.197	420
I	0.286	0.053	0.219	0.351	0.369	0.238	0.209	0.379	1.11	0.052	0.416	0.238	0.148	0.427	0.476	0.45	0.227	0.361	0.161	0.242	0.174	0.718	0.063	0.186	420
J	0.422	0.471	0.25	0.474	0.234	0.177	0.228	0.266	0.366	0.051	0.463	0.167	0.117	0.215	0.433	0.181	0.178	0.178	0.165	0.495	0.422	0.21	0.288	0.156	420
K	0.247	0.244	0.246	0.453	0.32	0.215	0.184	0.23	0.272	0.521	0.419	0.139	0.192	0.257	0.249	0.168	0.168	0.163	0.155	0.272	0.228	0.442	0.143	0.275	420
L	0.22	0.23	0.173	0.194	0.175	0.241	0.267	0.229	0.172	0.168	0.166	0.223	0.229	0.222	0.487	0.205	0.157	0.198	0.189	0.5	0.316	0.343	0.213	0.208	420
M	0.23	0.195	0.2	0.228	0.312	0.266	0.421	0.219	0.161	0.225	0.398	0.269	0.383	0.387	0.181	0.342	0.16	0.223	0.271	0.288	0.249	0.668	0.214	0.196	420
N	0.267	0.222	0.334	0.195	0.261	0.161	0.177	0.495	0.188	0.184	0.247	0.273	0.22	0.055	0.189	0.162	0.358	0.193	0.193	0.176	0.214	0.186	0.316	0.178	420
O	0.216	0.409	0.167	0.264	0.213	0.411	0.315	0.13	0.215	0.25	0.219	0.225	0.266	0.31	0.284	0.199	0.186	0.148	0.216	0.268	0.056	0.207	0.215	0.178	420
P	0.196	0.334	0.587	0.209	0.189	0.181	0.175	0.204	0.059	0.172	0.239	0.205	0.213	0.261	0.185	0.177	0.912	0.227	0.056	0.237	0.192	0.265	0.281	0.298	420