Procedure Summary																									
																									
Plate Type	384 WELL PLATE																								
Read	Read:  (A) 420																								
																									
420																									
	1	2	3	4	5	6	7	8	9	10	11	12	13	14	15	16	17	18	19	20	21	22	23	24	
A	0.047	0.309	0.252	0.148	0.202	0.27	0.404	0.252	0.198	0.211	0.051	0.283	0.259	0.226	0.642	0.463	0.11	0.152	0.052	0.143	0.139	0.146	0.132	0.356	420
B	0.288	0.229	0.265	0.186	0.208	0.221	0.205	0.197	0.2	0.195	0.319	0.203	0.253	0.272	0.202	0.206	0.199	0.203	0.23	0.051	0.24	0.19	0.053	0.159	420
C	0.236	0.298	0.211	0.275	0.2	0.172	0.191	0.183	0.193	0.167	0.19	0.064	0.244	0.183	0.05	0.315	0.177	0.228	0.195	0.192	0.203	0.211	0.227	0.23	420
D	0.221	0.205	0.175	0.238	0.251	0.198	0.228	0.188	0.051	0.172	0.173	0.213	0.539	0.225	0.048	0.222	0.178	0.207	0.141	0.048	0.209	0.191	0.201	0.051	420
E	0.239	0.196	0.198	0.242	0.183	0.211	0.154	0.199	0.231	0.2	0.052	0.581	0.05	0.222	0.184	0.232	0.15	0.197	0.218	0.199	0.168	0.203	0.193	0.142	420
F	0.303	0.237	0.221	0.209	0.186	0.211	0.215	0.176	0.206	0.153	0.049	0.189	0.17	0.181	0.223	0.21	0.163	0.049	0.113	0.049	0.345	0.2	0.195	0.167	420
G	0.264	0.252	0.202	0.062	0.204	0.213	0.269	0.216	0.134	0.189	0.211	0.177	0.159	0.163	0.155	0.218	0.188	0.197	0.19	0.219	0.169	0.248	0.286	0.196	420
H	0.173	0.262	0.171	0.173	0.048	0.171	0.182	0.157	0.221	0.186	0.142	0.239	0.147	0.138	0.161	0.134	0.178	0.147	0.142	0.047	0.163	0.168	0.168	0.128	420
I	0.305	0.23	0.234	0.165	0.147	0.206	0.179	0.256	0.222	0.182	0.242	0.165	0.156	0.059	0.26	0.165	0.289	0.221	0.181	0.212	0.19	0.058	0.206	0.168	420
J	0.297	0.254	0.212	0.265	0.176	0.18	0.235	0.206	0.223	0.285	0.235	0.051	0.208	0.176	0.175	0.14	0.573	0.182	0.158	0.183	0.192	0.189	0.17	0.178	420
K	0.295	0.24	0.919	0.22	0.23	0.167	0.171	0.204	0.191	0.24	0.219	0.192	0.179	0.256	0.171	0.176	0.174	0.155	0.06	0.194	0.199	0.233	0.178	0.122	420
L	0.16	0.249	0.192	0.197	0.187	0.208	0.212	0.199	0.193	0.203	0.177	0.205	0.106	0.083	0.17	0.196	0.196	0.05	0.173	0.189	0.249	0.169	0.193	0.052	420
M	0.158	0.217	0.226	0.247	0.246	0.184	0.207	0.213	0.183	0.049	0.236	0.215	0.201	0.164	0.251	0.59	0.228	0.235	0.165	0.061	0.223	0.296	0.062	0.199	420
N	0.254	0.269	0.24	0.259	0.178	0.198	0.171	0.326	0.179	0.158	0.271	0.191	0.232	0.176	0.228	0.181	0.203	0.184	0.193	0.345	0.195	0.263	0.215	0.051	420
O	0.25	0.266	0.141	0.234	0.182	0.244	0.235	0.163	0.189	0.243	0.188	0.18	0.185	0.155	0.18	0.18	0.183	0.199	0.193	0.175	0.179	0.182	0.203	0.159	420
P	0.056	0.057	0.151	0.256	0.117	0.049	0.054	0.054	0.052	0.05	0.208	0.18	0.055	0.055	0.05	0.084	0.288	0.077	0.235	0.073	0.052	0.141	0.156	0.056	420