Procedure Summary																									
																									
Plate Type	384 WELL PLATE																								
Read	Read:  (A) 420																								
																									
420																									
	1	2	3	4	5	6	7	8	9	10	11	12	13	14	15	16	17	18	19	20	21	22	23	24	
A	0.158	0.056	0.162	0.095	0.122	0.098	0.14	0.129	0.199	0.158	0.128	0.112	0.132	0.05	0.049	0.049	0.153	0.054	0.14	0.051	0.126	0.053	0.135	0.333	420
B	0.13	0.134	0.126	0.123	0.054	0.119	0.124	0.129	0.125	0.12	0.13	0.122	0.058	0.125	0.156	0.121	0.128	0.244	0.148	0.134	0.168	0.314	0.3	0.175	420
C	0.458	0.128	0.123	0.059	0.126	0.053	0.121	0.122	0.125	0.053	0.128	0.055	0.158	0.126	0.128	0.053	0.142	0.056	0.121	0.147	0.129	0.055	0.144	0.092	420
D	0.109	0.055	0.117	0.121	0.054	0.055	0.122	0.115	0.129	0.152	0.112	0.119	0.149	0.265	0.126	0.278	0.139	0.052	0.11	0.158	0.129	0.147	0.136	0.187	420
E	0.115	0.117	0.117	0.052	0.111	0.133	0.139	0.117	0.116	0.128	0.049	0.056	0.051	0.13	0.15	0.054	0.125	0.122	0.13	0.136	0.134	0.061	0.171	0.168	420
F	0.12	0.12	0.123	0.128	0.057	0.125	0.123	0.126	0.115	0.131	0.116	0.126	0.136	0.194	0.136	0.13	0.12	0.121	0.133	0.14	0.129	0.145	0.183	0.284	420
G	0.571	0.138	0.122	0.113	0.121	0.115	0.123	0.051	0.1	0.129	0.051	0.053	0.105	0.136	0.126	0.063	0.124	0.124	0.14	0.132	0.052	0.14	0.14	0.278	420
H	0.12	0.116	0.116	0.111	0.116	0.205	0.114	0.055	0.121	0.105	0.114	0.137	0.057	0.097	0.123	0.115	0.112	0.113	0.112	0.165	0.106	0.051	0.157	0.175	420
I	0.566	0.133	0.128	0.114	0.127	0.118	0.122	0.119	0.126	0.135	0.221	0.053	0.054	0.048	0.122	0.05	0.129	0.128	0.053	0.133	0.081	0.137	0.142	0.16	420
J	0.065	0.121	0.121	0.14	0.12	0.123	0.057	0.115	0.133	0.128	0.12	0.133	0.118	0.121	0.053	0.128	0.113	0.139	0.198	0.053	0.133	0.136	0.136	0.128	420
K	0.125	0.12	0.129	0.115	0.118	0.119	0.433	0.126	0.13	0.126	0.13	0.053	0.121	0.122	0.052	0.133	0.053	0.052	0.049	0.128	0.055	0.137	0.18	0.58	420
L	0.114	0.117	0.127	0.11	0.121	0.124	0.126	0.119	0.128	0.13	0.125	0.118	0.125	0.055	0.067	0.116	0.128	0.135	0.131	0.061	0.134	0.127	0.122	0.13	420
M	0.059	0.12	0.132	0.123	0.052	0.124	0.11	0.129	0.058	0.136	0.118	0.137	0.126	0.054	0.12	0.132	0.059	0.14	0.19	0.1	0.128	0.101	0.052	0.209	420
N	0.118	0.061	0.146	0.126	0.129	0.116	0.13	0.129	0.134	0.122	0.13	0.124	0.129	0.139	0.137	0.117	0.145	0.133	0.126	0.153	0.112	0.123	0.054	0.138	420
O	0.155	0.247	0.065	0.12	0.057	0.122	0.057	0.138	0.064	0.431	0.145	0.128	0.124	0.14	0.126	0.128	0.174	0.123	0.054	0.178	0.124	0.121	0.055	0.193	420
P	0.247	0.125	0.131	0.203	0.14	0.122	0.129	0.124	0.128	0.127	0.142	0.132	0.131	0.126	0.129	0.209	0.136	0.13	0.13	0.125	0.117	0.125	0.123	0.283	420