Procedure Summary																									
																									
Plate Type	384 WELL PLATE																								
Read	Read:  (A) 420																								
																									
420																									
	1	2	3	4	5	6	7	8	9	10	11	12	13	14	15	16	17	18	19	20	21	22	23	24	
A	0.058	0.188	0.075	0.067	0.067	0.071	0.052	0.068	0.072	0.065	0.052	0.07	0.094	0.097	0.052	0.114	0.054	0.075	0.055	0.07	0.262	0.078	0.405	0.374	420
B	0.076	0.071	0.071	0.07	0.128	0.11	0.07	0.181	0.072	0.068	0.05	0.068	0.071	0.127	0.067	0.118	0.07	0.325	0.07	0.052	0.072	0.082	0.055	0.121	420
C	0.072	0.073	0.07	0.095	0.067	0.076	0.07	0.074	0.075	0.072	0.068	0.052	0.071	0.568	0.054	0.118	0.066	0.069	0.267	0.311	0.069	0.132	0.073	0.386	420
D	0.075	0.067	0.068	0.068	0.07	0.07	0.065	0.075	0.049	0.07	0.066	0.066	0.068	0.074	0.075	0.098	0.107	0.112	0.061	0.051	0.102	0.071	0.079	0.058	420
E	0.073	0.07	0.066	0.067	0.066	0.07	0.065	0.065	0.067	0.075	0.049	0.114	0.052	0.067	0.069	0.075	0.068	0.067	0.099	0.086	0.177	0.072	0.08	0.103	420
F	0.079	0.068	0.071	0.07	0.067	0.071	0.066	0.065	0.068	0.065	0.049	0.07	0.069	0.065	0.133	0.069	0.133	0.05	0.173	0.051	0.067	0.069	0.069	0.074	420
G	0.07	0.07	0.067	0.051	0.067	0.067	0.066	0.068	0.048	0.063	0.07	0.069	0.068	0.068	0.125	0.07	0.074	0.172	0.182	0.179	0.066	0.065	0.07	0.079	420
H	0.071	0.068	0.068	0.069	0.049	0.067	0.065	0.071	0.068	0.066	0.069	0.066	0.09	0.085	0.208	0.065	0.072	0.067	0.07	0.05	0.132	0.104	0.066	0.056	420
I	0.072	0.068	0.068	0.053	0.055	0.07	0.073	0.052	0.085	0.092	0.068	0.077	0.113	0.055	0.133	0.067	0.201	0.129	0.066	0.323	0.067	0.056	0.074	0.064	420
J	0.068	0.075	0.066	0.066	0.073	0.067	0.068	0.066	0.199	0.065	0.067	0.05	0.098	0.075	0.113	0.108	0.065	0.091	0.09	0.056	0.071	0.193	0.073	0.097	420
K	0.072	0.053	0.078	0.065	0.07	0.075	0.072	0.066	0.075	0.086	0.091	0.072	0.07	0.295	0.132	0.068	0.08	0.068	0.053	0.077	0.069	0.074	0.081	0.101	420
L	0.071	0.072	0.069	0.069	0.068	0.07	0.067	0.066	0.065	0.084	0.089	0.071	0.094	0.055	0.066	0.11	0.113	0.05	0.13	0.053	0.259	0.116	0.076	0.164	420
M	0.069	0.071	0.077	0.074	0.076	0.084	0.074	0.069	0.076	0.049	0.117	0.112	0.073	0.075	0.07	0.13	0.067	0.072	0.078	0.065	0.123	0.079	0.066	0.17	420
N	0.075	0.072	0.071	0.069	0.076	0.071	0.073	0.069	0.135	0.087	0.084	0.105	0.074	0.068	0.068	0.071	0.083	0.075	0.07	0.087	0.125	0.136	0.096	0.057	420
O	0.076	0.073	0.075	0.072	0.078	0.074	0.068	0.074	0.073	0.097	0.101	0.071	0.093	0.087	0.071	0.137	0.068	0.071	0.08	0.077	0.204	0.071	0.207	0.163	420
P	0.075	0.077	0.106	0.075	0.069	0.076	0.05	0.074	0.087	0.072	0.082	0.071	0.07	0.087	0.052	0.08	0.073	0.053	0.128	0.125	0.092	0.128	0.09	0.139	420