Procedure Summary																									
																									
Plate Type	384 WELL PLATE																								
Read	Read:  (A) 420																								
																									
420																									
	1	2	3	4	5	6	7	8	9	10	11	12	13	14	15	16	17	18	19	20	21	22	23	24	
A	0.51	0.61	0.507	0.401	0.172	0.398	0.59	0.569	0.459	0.419	0.639	0.818	0.886	0.551	0.539	0.638	0.663	0.355	0.548	0.488	0.602	0.07	0.068	0.598	420
B	0.614	0.406	0.541	0.485	0.454	0.562	0.083	0.581	0.487	0.074	0.574	0.586	0.613	0.583	0.641	0.064	0.583	0.51	0.574	0.48	0.534	0.595	0.672	0.624	420
C	0.616	0.575	0.512	0.096	0.485	0.421	0.474	0.352	0.489	0.076	0.716	0.106	0.577	0.491	0.457	0.538	0.468	0.428	0.458	0.818	0.082	0.433	0.569	0.54	420
D	0.427	0.504	0.376	0.443	0.474	0.477	0.076	0.091	0.076	0.421	0.418	0.433	0.42	0.471	0.447	0.628	0.454	0.718	0.425	0.491	0.616	0.679	0.614	0.58	420
E	0.167	0.395	0.521	0.402	0.414	0.389	0.467	0.599	0.432	0.414	0.471	0.337	0.465	0.517	0.43	0.356	0.478	0.464	0.459	0.463	0.101	0.504	0.497	0.461	420
F	0.489	0.541	0.53	0.506	0.079	0.425	0.169	0.47	0.439	0.537	0.42	0.372	0.595	0.423	0.507	0.484	0.45	0.347	0.564	0.405	0.081	0.075	0.473	0.511	420
G	0.467	0.438	0.467	0.416	0.353	0.47	0.466	0.455	0.311	0.442	0.098	0.086	0.079	0.527	0.488	0.525	0.521	0.552	0.522	0.768	0.537	0.544	0.629	0.6	420
H	0.438	0.495	0.416	0.378	0.379	0.385	0.36	0.082	0.073	0.44	0.394	0.401	0.401	0.395	0.78	0.453	0.462	0.412	0.52	0.076	0.503	0.081	0.463	0.075	420
I	0.579	0.462	0.12	0.484	0.45	0.371	0.112	0.499	0.434	0.386	0.436	0.432	0.083	0.415	0.088	0.548	0.478	0.377	0.467	0.419	0.512	0.549	0.5	0.55	420
J	0.48	0.119	0.47	0.544	0.42	0.083	0.502	0.348	0.48	0.385	0.405	0.079	0.446	0.439	0.514	0.483	0.504	0.071	0.087	0.706	0.646	0.502	0.5	0.509	420
K	0.617	0.255	0.146	0.415	0.404	0.424	0.378	0.391	0.375	0.421	0.535	0.41	0.44	0.601	0.117	0.513	0.412	0.45	0.483	0.506	0.357	0.467	0.506	0.542	420
L	0.486	0.453	0.408	0.469	0.176	0.517	0.482	0.464	0.079	0.07	0.486	0.503	0.579	0.075	0.402	0.433	0.48	0.423	0.422	0.074	0.82	0.428	0.506	0.542	420
M	0.493	0.17	0.291	0.453	0.483	0.388	0.375	0.431	0.458	0.474	0.528	0.444	0.403	0.502	0.347	0.522	0.417	0.431	0.42	0.419	0.267	0.614	0.096	0.501	420
N	0.483	0.493	0.149	0.504	0.459	0.477	0.457	0.117	0.471	0.412	0.487	0.485	0.583	0.075	0.552	0.511	0.623	0.471	0.396	0.449	0.768	0.571	0.701	0.578	420
O	0.416	0.531	0.362	0.46	0.102	0.482	0.488	0.425	0.482	0.717	0.536	0.445	0.567	0.477	0.529	0.481	0.472	0.463	0.545	0.378	0.478	0.506	0.512	0.527	420
P	0.408	0.545	0.609	0.526	0.46	0.476	0.072	0.497	0.498	0.585	0.534	0.527	0.493	0.555	0.55	0.08	0.596	0.528	0.638	0.567	0.514	0.537	0.566	0.259	420