Procedure Summary																									
																									
Plate Type	384 WELL PLATE																								
Read	Read:  (A) 420																								
																									
420																									
	1	2	3	4	5	6	7	8	9	10	11	12	13	14	15	16	17	18	19	20	21	22	23	24	
A	0.069	0.075	0.07	0.084	0.051	0.075	0.097	0.099	0.082	0.081	0.077	0.073	0.24	0.081	0.116	0.113	0.119	0.076	0.072	0.12	0.116	0.112	0.143	0.311	420
B	0.08	0.089	0.076	0.074	0.104	0.072	0.053	0.085	0.104	0.067	0.109	0.085	0.149	0.088	0.124	0.049	0.071	0.139	0.201	0.192	0.113	0.116	0.154	0.11	420
C	0.074	0.068	0.069	0.051	0.079	0.071	0.075	0.078	0.081	0.073	0.09	0.049	0.094	0.07	0.101	0.068	0.068	0.119	0.12	0.593	0.066	0.143	0.189	0.077	420
D	0.07	0.071	0.073	0.071	0.069	0.073	0.063	0.049	0.057	0.068	0.068	0.084	0.067	0.072	0.07	0.084	0.283	0.092	0.129	0.074	0.172	0.154	0.155	0.221	420
E	0.053	0.07	0.084	0.072	0.077	0.073	0.072	0.068	0.074	0.069	0.081	0.083	0.08	0.103	0.084	0.074	0.102	0.071	0.091	0.083	0.059	0.196	0.087	0.214	420
F	0.07	0.076	0.079	0.084	0.078	0.103	0.09	0.087	0.093	0.095	0.086	0.085	0.09	0.168	0.112	0.087	0.099	0.116	0.11	0.088	0.128	0.048	0.114	0.181	420
G	0.068	0.051	0.075	0.074	0.182	0.078	0.071	0.069	0.13	0.07	0.068	0.073	0.071	0.073	0.119	0.105	0.072	0.118	0.24	0.08	0.091	0.1	0.131	0.292	420
H	0.071	0.069	0.075	0.079	0.558	0.151	0.061	0.058	0.063	0.07	0.07	0.074	0.072	0.071	0.11	0.098	0.065	0.096	0.08	0.258	0.078	0.048	0.099	0.059	420
I	0.066	0.094	0.088	0.096	0.102	0.085	0.088	0.076	0.076	0.066	0.072	0.068	0.138	0.075	0.083	0.077	0.225	0.246	0.079	0.081	0.091	0.382	0.15	0.169	420
J	0.075	0.084	0.083	0.1	0.085	0.054	0.072	0.122	0.276	0.076	0.16	0.092	0.075	0.199	0.122	0.079	0.066	0.051	0.133	0.065	0.237	0.071	0.398	0.298	420
K	0.069	0.046	0.049	0.07	0.07	0.2	0.133	0.071	0.078	0.072	0.078	0.066	0.07	0.332	0.055	0.073	0.203	0.066	0.072	0.115	0.078	0.141	0.086	0.186	420
L	0.072	0.078	0.157	0.073	0.059	0.1	0.07	0.069	0.08	0.134	0.069	0.066	0.071	0.111	0.109	0.098	0.114	0.068	0.235	0.048	0.28	0.335	0.152	0.159	420
M	0.07	0.109	0.071	0.09	0.085	0.077	0.08	0.072	0.094	0.112	0.133	0.107	0.08	0.084	0.115	0.091	0.119	0.069	0.187	0.312	0.098	0.087	0.052	0.186	420
N	0.067	0.068	0.047	0.075	0.089	0.073	0.075	0.072	0.115	0.1	0.154	0.068	0.078	0.047	0.085	0.078	0.075	0.133	0.322	0.126	0.381	0.368	0.167	0.178	420
O	0.074	0.071	0.12	0.09	0.177	0.075	0.071	0.096	0.069	0.115	0.114	0.071	0.136	0.162	0.12	0.1	0.069	0.127	0.126	0.103	0.129	0.121	0.205	0.159	420
P	0.069	0.087	0.088	0.088	0.07	0.085	0.128	0.123	0.069	0.068	0.083	0.073	0.07	0.134	0.109	0.047	0.089	0.124	0.124	0.355	0.135	0.122	0.144	0.083	420