Procedure Summary																									
																									
Plate Type	384 WELL PLATE																								
Read	Read:  (A) 420																								
																									
420																									
	1	2	3	4	5	6	7	8	9	10	11	12	13	14	15	16	17	18	19	20	21	22	23	24	
A	0.308	0.113	0.291	0.119	0.178	0.216	0.173	0.194	0.214	0.297	0.185	0.184	0.184	0.056	0.07	0.186	0.178	0.059	0.187	0.052	0.158	0.057	0.439	0.282	420
B	0.269	0.186	0.214	0.212	0.054	0.268	0.181	0.215	0.185	0.19	0.175	0.199	0.119	0.242	0.257	0.179	0.181	0.306	0.295	0.279	0.224	0.275	0.174	0.172	420
C	0.268	0.216	0.186	0.053	0.188	0.052	0.213	0.165	0.166	0.053	0.194	0.05	0.206	0.186	0.206	0.052	0.219	0.103	0.229	0.157	0.173	0.055	0.173	0.258	420
D	0.203	0.054	0.472	0.179	0.054	0.054	0.211	0.224	0.178	0.176	0.621	0.189	0.181	0.854	0.244	0.326	0.195	0.05	0.139	0.204	0.181	0.204	0.224	0.36	420
E	0.178	0.188	0.17	0.055	0.18	0.168	0.189	0.239	0.187	0.158	0.05	0.054	0.048	0.159	0.122	0.052	0.2	0.165	0.166	0.248	0.272	0.053	0.296	0.054	420
F	0.192	0.172	0.583	0.204	0.052	0.198	0.18	0.19	0.196	0.279	0.403	0.183	0.191	0.244	0.264	0.176	0.169	0.184	0.186	0.233	0.205	0.205	0.188	0.173	420
G	0.237	0.181	0.183	0.185	0.163	0.154	0.149	0.052	0.162	0.182	0.051	0.053	0.152	0.161	0.217	0.054	0.172	0.248	0.199	0.273	0.053	0.178	0.293	0.27	420
H	0.68	0.176	0.215	0.152	0.142	0.208	0.15	0.051	0.155	0.13	0.165	0.182	0.049	0.123	0.194	0.155	0.831	0.177	0.398	0.203	0.223	0.056	0.154	0.052	420
I	0.271	0.203	0.19	0.166	0.175	0.226	0.165	0.382	0.213	0.168	0.277	0.055	0.084	0.051	0.181	0.086	0.185	0.167	0.099	0.234	0.065	0.273	0.202	0.168	420
J	0.729	0.144	0.33	0.16	0.177	0.184	0.052	0.175	0.359	0.188	0.176	0.158	0.16	0.155	0.111	0.176	0.236	0.206	0.176	0.38	0.439	0.174	0.232	0.176	420
K	0.199	0.18	0.234	0.159	0.17	0.158	0.228	0.162	0.206	0.263	0.191	0.053	0.171	0.218	0.1	0.159	0.097	0.09	0.051	0.233	0.053	0.179	0.421	0.872	420
L	0.2	0.192	0.266	0.175	0.179	0.201	0.207	0.188	0.192	0.151	0.185	0.166	0.194	0.049	0.108	0.202	0.138	0.171	0.169	0.053	0.407	0.17	0.169	0.332	420
M	0.067	0.208	0.188	0.188	0.053	0.204	0.255	0.199	0.107	0.185	0.184	0.21	0.361	0.056	0.173	0.443	0.056	0.227	0.189	0.21	0.197	0.222	0.054	0.22	420
N	0.225	0.113	0.191	0.752	0.182	0.195	0.199	0.198	0.183	0.188	0.223	0.172	0.219	0.165	0.185	0.145	0.171	0.188	0.171	0.169	0.217	0.173	0.057	0.182	420
O	0.242	0.276	0.056	0.275	0.054	0.192	0.067	0.219	0.081	1.082	0.324	0.192	0.193	0.199	0.199	0.191	0.236	0.178	0.417	0.269	0.234	0.215	0.075	0.058	420
P	0.25	0.399	0.367	0.531	0.21	0.192	0.19	0.196	0.209	0.184	0.196	0.186	0.189	0.381	0.181	0.197	0.191	0.207	0.189	0.256	0.212	0.282	0.253	0.298	420