Procedure Summary																									
																									
Plate Type	384 WELL PLATE																								
Read	Read:  (A) 420																								
																									
420																									
	1	2	3	4	5	6	7	8	9	10	11	12	13	14	15	16	17	18	19	20	21	22	23	24	
A	0.279	0.05	0.053	0.134	0.05	0.049	0.05	0.05	0.049	0.05	0.118	0.064	0.049	0.049	0.05	0.338	0.048	0.232	0.212	0.05	0.048	0.05	0.051	0.048	420
B	0.657	0.421	0.548	0.503	0.075	0.477	0.55	0.551	0.544	0.414	0.538	0.506	0.074	0.542	0.622	0.449	0.405	0.581	0.615	0.511	0.777	0.763	0.652	0.708	420
C	0.757	0.555	0.437	0.088	0.474	0.1	0.507	0.432	0.507	0.112	0.546	0.105	0.59	0.56	0.433	0.102	0.538	0.108	0.581	0.495	0.58	0.153	0.672	0.183	420
D	0.52	0.157	0.407	0.355	0.266	0.168	0.362	0.548	0.618	0.439	0.272	0.452	0.553	0.577	0.62	0.755	0.478	0.293	0.337	0.567	0.548	0.624	0.68	0.907	420
E	0.534	0.56	0.31	0.1	0.312	0.436	0.383	0.472	0.526	0.505	0.189	0.166	0.153	0.518	0.566	0.503	0.503	0.547	0.479	0.542	0.604	0.125	0.69	0.096	420
F	0.592	0.486	0.561	0.503	0.196	0.518	0.501	0.46	0.444	0.641	0.443	0.553	0.482	0.514	0.523	0.626	0.378	0.662	0.546	0.434	0.556	0.606	0.642	0.667	420
G	0.585	0.428	0.451	0.511	0.508	0.442	0.541	0.22	0.271	0.438	0.225	0.177	0.346	0.471	0.492	0.179	0.445	0.54	0.509	0.415	0.168	0.582	0.601	0.702	420
H	0.437	0.432	0.484	0.403	0.412	0.556	0.736	0.267	0.785	0.418	0.538	0.586	0.16	0.434	0.515	0.465	0.559	0.508	0.709	0.491	0.598	0.135	0.581	0.093	420
I	0.686	0.54	0.444	0.479	0.558	0.452	0.439	0.633	0.418	0.636	0.573	0.174	0.155	0.16	0.828	0.477	0.448	0.458	0.507	0.441	0.236	0.953	0.673	0.66	420
J	0.256	0.47	0.564	0.464	0.449	0.562	0.238	0.46	0.612	0.535	0.441	0.465	0.459	0.502	0.158	0.761	0.805	0.498	0.594	0.143	1.061	0.614	0.734	0.613	420
K	0.571	0.538	0.572	0.461	0.567	0.389	0.579	0.452	0.476	0.435	0.494	0.175	0.426	0.606	0.16	0.449	0.418	0.163	0.174	0.554	0.289	0.838	0.501	0.77	420
L	0.581	0.064	0.513	0.449	0.502	0.504	0.523	0.341	0.491	0.392	0.519	0.469	0.449	0.109	0.169	0.552	0.396	0.48	0.534	0.112	0.608	0.72	0.604	0.661	420
M	0.279	0.571	0.524	0.475	0.156	0.455	0.422	0.524	0.168	0.521	0.478	0.514	0.658	0.205	0.79	0.431	0.185	0.635	0.562	0.428	0.597	0.657	0.199	0.672	420
N	0.582	0.249	0.656	0.613	0.504	0.36	0.492	0.72	0.483	0.468	0.429	0.521	0.529	0.474	0.486	0.344	0.568	0.687	0.577	0.498	0.995	0.602	0.505	0.659	420
O	0.549	0.048	0.184	0.7	0.317	0.518	0.215	0.55	0.19	0.966	0.517	0.563	0.529	0.62	0.566	0.549	0.486	0.608	0.204	0.591	0.621	0.642	0.208	0.067	420
P	0.579	0.538	0.59	0.62	0.495	0.488	0.547	0.6	0.517	0.578	0.514	0.446	0.517	0.516	0.534	0.67	0.542	0.561	0.699	0.635	0.526	0.537	0.586	0.771	420