Procedure Summary																									
																									
Plate Type	384 WELL PLATE																								
Read	Read:  (A) 420																								
																									
420																									
	1	2	3	4	5	6	7	8	9	10	11	12	13	14	15	16	17	18	19	20	21	22	23	24	
A	0.089	0.087	0.107	0.077	0.07	0.07	0.107	0.303	0.16	0.067	0.074	0.089	0.317	0.068	0.141	0.364	0.068	0.085	0.281	0.103	0.094	0.088	0.316	0.195	420
B	0.071	0.088	0.076	0.296	0.077	0.067	0.125	0.124	0.245	0.085	0.089	0.283	0.086	0.223	0.08	0.097	0.085	0.136	0.196	0.114	0.106	0.075	0.222	0.132	420
C	0.086	0.09	0.071	0.091	0.084	0.073	0.07	0.084	0.084	0.072	0.068	0.066	0.093	0.05	0.166	0.08	0.07	0.078	0.113	0.178	0.108	0.115	0.1	0.118	420
D	0.072	0.048	0.084	0.048	0.072	0.078	0.082	0.085	0.071	0.071	0.075	0.104	0.067	0.071	0.082	0.054	0.083	0.111	0.075	0.085	0.082	0.113	0.147	0.169	420
E	0.073	0.077	0.069	0.05	0.072	0.07	0.069	0.069	0.073	0.07	0.07	0.085	0.08	0.07	0.068	0.069	0.082	0.114	0.141	0.122	0.098	0.145	0.126	0.16	420
F	0.057	0.056	0.079	0.086	0.09	0.082	0.071	0.07	0.103	0.076	0.073	0.08	0.078	0.155	0.131	0.114	0.12	0.334	0.143	0.048	0.079	0.123	0.128	0.211	420
G	0.053	0.076	0.07	0.052	0.067	0.081	0.13	0.045	0.069	0.084	0.072	0.074	0.099	0.094	0.114	0.068	0.085	0.157	0.08	0.069	0.131	0.068	0.07	0.222	420
H	0.076	0.072	0.072	0.074	0.068	0.068	0.071	0.082	0.075	0.068	0.048	0.074	0.09	0.077	0.084	0.092	0.073	0.13	0.119	0.084	0.046	0.07	0.077	0.136	420
I	0.093	0.052	0.072	0.073	0.096	0.071	0.069	0.072	0.366	0.05	0.068	0.066	0.087	0.067	0.164	0.066	0.077	0.07	0.073	0.072	0.066	0.116	0.13	0.198	420
J	0.053	0.072	0.077	0.094	0.089	0.069	0.072	0.071	0.068	0.051	0.089	0.075	0.055	0.091	0.105	0.111	0.089	0.109	0.06	0.09	0.149	0.07	0.098	0.153	420
K	0.071	0.068	0.07	0.073	0.071	0.075	0.069	0.071	0.07	0.072	0.071	0.065	0.07	0.05	0.127	0.081	0.068	0.133	0.07	0.07	0.073	0.086	0.052	0.059	420
L	0.067	0.09	0.07	0.075	0.082	0.083	0.068	0.068	0.071	0.078	0.07	0.071	0.134	0.066	0.068	0.113	0.078	0.065	0.096	0.135	0.12	0.068	0.065	0.072	420
M	0.087	0.071	0.072	0.075	0.074	0.074	0.07	0.069	0.076	0.07	0.099	0.068	0.086	0.078	0.085	0.11	0.118	0.085	0.122	0.1	0.075	0.102	0.086	0.169	420
N	0.077	0.076	0.072	0.055	0.1	0.068	0.069	0.073	0.068	0.104	0.145	0.11	0.072	0.067	0.075	0.069	0.078	0.097	0.089	0.094	0.077	0.069	0.068	0.126	420
O	0.074	0.09	0.073	0.078	0.085	0.07	0.073	0.059	0.072	0.092	0.143	0.076	0.078	0.074	0.115	0.072	0.077	0.072	0.099	0.079	0.124	0.071	0.195	0.154	420
P	0.077	0.087	0.072	0.096	0.073	0.084	0.074	0.197	0.052	0.079	0.144	0.074	0.114	0.116	0.069	0.104	0.053	0.084	0.178	0.176	0.068	0.134	0.137	0.143	420