Procedure Summary																									
																									
Plate Type	384 WELL PLATE																								
Read	Read:  (A) 420																								
																									
420																									
	1	2	3	4	5	6	7	8	9	10	11	12	13	14	15	16	17	18	19	20	21	22	23	24	
A	0.299	0.23	0.289	0.177	0.069	0.331	0.202	0.277	0.212	0.222	0.243	0.164	0.229	0.273	0.17	0.194	0.24	0.194	0.285	0.173	0.166	0.054	0.384	0.595	420
B	0.206	0.183	0.189	0.178	0.185	0.157	0.077	0.234	0.167	0.05	0.174	0.201	0.171	0.184	0.31	0.049	0.164	0.17	0.192	0.2	0.202	0.174	0.21	0.391	420
C	0.209	0.211	0.189	0.099	0.205	0.196	0.187	0.181	0.268	0.053	0.415	0.053	0.236	0.168	0.449	0.179	0.173	0.346	0.16	0.676	0.259	0.15	0.176	0.4	420
D	0.187	0.187	0.164	0.218	0.185	0.165	0.049	0.079	0.05	0.188	0.19	0.169	0.172	0.17	0.459	0.413	0.187	0.263	0.217	0.178	0.178	0.564	0.199	0.346	420
E	0.058	0.177	0.185	0.172	0.168	0.144	0.158	0.37	0.17	0.165	0.172	0.155	0.166	0.165	0.156	0.189	0.172	0.187	0.161	0.44	0.32	0.159	0.376	0.164	420
F	0.175	0.208	0.176	0.261	0.055	0.156	0.064	0.171	0.16	0.161	0.158	0.165	0.187	0.15	0.176	0.207	0.193	0.328	0.173	0.194	0.053	0.052	0.176	0.155	420
G	0.209	0.184	0.173	0.21	0.175	0.165	0.186	0.192	0.138	0.175	0.053	0.058	0.055	0.17	0.201	0.201	0.162	0.261	0.478	0.304	0.175	0.15	0.305	0.266	420
H	0.193	0.204	0.129	0.14	0.135	0.143	0.126	0.05	0.053	0.172	0.138	0.142	0.145	0.136	0.168	0.137	0.152	0.164	0.177	0.127	0.132	0.051	0.143	0.052	420
I	0.244	0.181	0.056	0.229	0.53	0.246	0.056	0.333	0.198	0.196	0.633	0.18	0.085	0.181	0.053	0.467	0.205	0.239	0.184	0.496	0.199	0.229	0.179	0.158	420
J	0.191	0.057	0.179	0.22	0.164	0.054	0.241	0.169	0.219	0.193	0.203	0.052	0.204	0.157	0.18	0.165	0.182	0.052	0.053	0.44	0.489	0.222	0.491	0.207	420
K	0.259	0.054	0.053	0.158	0.174	0.243	0.167	0.165	0.176	0.202	0.156	0.193	0.223	0.151	0.066	0.205	0.188	0.194	0.139	0.191	0.209	0.18	0.469	0.22	420
L	0.189	0.153	0.175	0.175	0.054	0.174	0.219	0.199	0.054	0.061	0.338	0.153	0.189	0.051	0.159	0.175	0.216	0.178	0.164	0.053	0.2	0.165	0.203	0.384	420
M	0.178	0.056	0.159	0.268	0.211	0.184	0.207	0.17	0.169	0.195	0.23	0.225	0.385	0.162	0.315	0.315	0.196	0.174	0.177	0.213	0.165	0.213	0.057	0.194	420
N	0.228	0.192	0.093	0.304	0.16	0.184	0.163	0.082	0.176	0.175	0.2	0.166	0.206	0.094	0.175	0.365	0.164	0.396	0.159	0.246	0.514	0.218	0.209	0.182	420
O	0.2	0.168	0.212	0.816	0.108	0.179	0.204	0.183	0.192	1.068	0.194	0.312	0.237	0.157	0.185	0.183	0.208	0.182	0.404	0.233	0.158	0.175	0.194	0.182	420
P	0.176	0.331	0.349	0.201	0.2	0.173	0.141	0.171	0.157	0.165	0.203	0.165	0.193	0.19	0.169	0.059	0.187	0.19	0.172	0.212	0.173	0.218	0.226	0.141	420