Procedure Summary																									
																									
Plate Type	384 WELL PLATE																								
Read	Read:  (A) 420																								
																									
420																									
	1	2	3	4	5	6	7	8	9	10	11	12	13	14	15	16	17	18	19	20	21	22	23	24	
A	0.063	0.225	0.109	0.066	0.066	0.064	0.069	0.107	0.063	0.098	0.076	0.097	0.273	0.049	0.049	0.051	0.07	0.049	0.078	0.051	0.141	0.066	0.09	0.133	420
B	0.068	0.071	0.075	0.117	0.314	0.083	0.068	0.072	0.083	0.139	0.326	0.096	0.296	0.113	0.095	0.162	0.094	0.145	0.325	0.109	0.12	0.159	0.343	0.089	420
C	0.124	0.143	0.063	0.049	0.098	0.046	0.062	0.09	0.07	0.049	0.097	0.047	0.102	0.082	0.164	0.049	0.086	0.052	0.082	0.085	0.088	0.051	0.094	0.083	420
D	0.066	0.051	0.069	0.066	0.049	0.047	0.072	0.09	0.061	0.322	0.059	0.094	0.116	0.062	0.063	0.083	0.114	0.238	0.08	0.09	0.09	0.102	0.113	0.141	420
E	0.068	0.064	0.219	0.048	0.075	0.081	0.068	0.09	0.089	0.103	0.048	0.066	0.046	0.114	0.126	0.05	0.115	0.07	0.152	0.16	0.186	0.068	0.09	0.072	420
F	0.068	0.074	0.084	0.081	0.056	0.065	0.087	0.091	0.119	0.145	0.065	0.152	0.113	0.085	0.146	0.119	0.142	0.065	0.141	0.069	0.127	0.101	0.131	0.135	420
G	0.071	0.066	0.072	0.065	0.064	0.074	0.082	0.047	0.121	0.063	0.051	0.049	0.081	0.13	0.131	0.103	0.154	0.122	0.178	0.159	0.053	0.091	0.129	0.126	420
H	0.067	0.07	0.076	0.076	0.062	0.074	0.094	0.064	0.105	0.062	0.117	0.122	0.049	0.128	0.141	0.117	0.111	0.066	0.117	0.076	0.132	0.061	0.136	0.051	420
I	0.069	0.103	0.085	0.077	0.069	0.236	0.085	0.067	0.061	0.087	0.126	0.065	0.107	0.047	0.136	0.077	0.12	0.116	0.07	0.147	0.054	0.065	0.068	0.139	420
J	0.054	0.211	0.073	0.23	0.244	0.069	0.059	0.092	0.243	0.124	0.13	0.109	0.104	0.139	0.249	0.137	0.079	0.071	0.111	0.05	0.141	0.139	0.134	0.151	420
K	0.149	0.084	0.1	0.07	0.197	0.07	0.065	0.098	0.102	0.076	0.124	0.284	0.071	0.13	0.075	0.1	0.069	0.107	0.051	0.097	0.072	0.136	0.059	0.264	420
L	0.068	0.063	0.08	0.069	0.074	0.092	0.066	0.068	0.084	0.135	0.107	0.134	0.066	0.048	0.059	0.064	0.135	0.065	0.131	0.051	0.223	0.221	0.218	0.219	420
M	0.05	0.076	0.133	0.088	0.045	0.115	0.085	0.075	0.048	0.122	0.126	0.165	0.106	0.051	0.152	0.135	0.059	0.129	0.13	0.093	0.069	0.165	0.05	0.174	420
N	0.064	0.05	0.072	0.07	0.082	0.085	0.067	0.098	0.074	0.117	0.089	0.085	0.072	0.129	0.152	0.048	0.066	0.153	0.157	0.072	0.169	0.157	0.092	0.188	420
O	0.071	0.076	0.048	0.098	0.052	0.068	0.05	0.141	0.115	0.134	0.113	0.126	0.172	0.238	0.134	0.18	0.118	0.119	0.094	0.129	0.161	0.176	0.099	0.129	420
P	0.072	0.082	0.084	0.092	0.066	0.091	0.064	0.065	0.069	0.082	0.074	0.064	0.066	0.144	0.123	0.14	0.139	0.13	0.196	0.227	0.184	0.149	0.187	0.16	420