Procedure Summary																									
																									
Plate Type	384 WELL PLATE																								
Read	Read:  (A) 420																								
																									
420																									
	1	2	3	4	5	6	7	8	9	10	11	12	13	14	15	16	17	18	19	20	21	22	23	24	
A	0.149	0.162	0.293	0.131	0.16	0.142	0.106	0.263	0.144	0.246	0.105	0.308	0.195	0.104	0.3	0.352	0.333	0.452	0.393	0.33	0.373	0.104	0.41	0.542	420
B	0.153	0.149	0.21	0.099	0.121	0.13	0.122	0.163	0.111	0.092	0.214	0.33	0.101	0.093	0.204	0.049	0.291	0.209	0.134	0.092	0.098	0.116	0.333	0.416	420
C	0.155	0.112	0.098	0.046	0.095	0.174	0.16	0.235	0.122	0.126	0.325	0.124	0.149	0.051	0.12	0.264	0.426	0.112	0.1	0.088	0.095	0.101	0.204	0.189	420
D	0.112	0.047	0.114	0.065	0.14	0.091	0.101	0.116	0.326	0.11	0.266	0.338	0.309	0.094	0.382	0.174	0.102	0.162	0.101	0.094	0.094	0.15	0.088	0.569	420
E	0.14	0.126	0.116	0.047	0.121	0.104	0.123	0.311	0.116	0.154	0.232	0.112	0.222	0.137	0.142	0.32	0.245	0.147	0.318	0.095	0.137	0.102	0.107	0.105	420
F	0.11	0.048	0.108	0.128	0.163	0.097	0.125	0.109	0.096	0.257	0.112	0.288	0.135	0.126	0.181	0.1	0.307	0.284	0.133	0.046	0.355	0.097	0.222	0.253	420
G	0.156	0.203	0.138	0.088	0.097	0.117	0.118	0.046	0.045	0.164	0.129	0.132	0.154	0.361	0.147	0.107	0.15	0.326	0.099	0.187	0.395	0.112	0.103	0.253	420
H	0.132	0.106	0.106	0.073	0.097	0.118	0.134	0.094	0.109	0.097	0.124	0.354	0.695	0.1	0.159	0.082	0.157	0.143	0.141	0.163	0.086	0.09	0.158	0.087	420
I	0.142	0.048	0.13	0.107	0.124	0.134	0.283	0.174	0.73	0.047	0.344	0.104	0.108	0.098	0.1	0.325	0.136	0.114	0.136	0.317	0.092	0.343	0.069	0.158	420
J	0.157	0.113	0.191	0.118	0.117	0.116	0.111	0.295	0.114	0.047	0.15	0.165	0.11	0.121	0.083	0.099	0.185	0.13	0.327	0.334	0.349	0.143	0.291	0.398	420
K	0.122	0.22	0.132	0.13	0.126	0.14	0.103	0.102	0.116	0.108	0.104	0.106	0.108	0.048	0.11	0.265	0.118	0.101	0.124	0.371	0.184	0.444	0.152	0.384	420
L	0.128	0.142	0.09	0.094	0.121	0.096	0.129	0.088	0.124	0.099	0.306	0.132	0.125	0.106	0.103	0.129	0.123	0.094	0.12	0.373	0.449	0.107	0.106	0.103	420
M	0.14	0.128	0.152	0.096	0.107	0.141	0.13	0.103	0.148	0.151	0.132	0.136	0.245	0.106	0.177	0.379	0.277	0.392	0.181	0.338	0.142	0.261	0.102	0.363	420
N	0.104	0.107	0.12	0.05	0.278	0.116	0.112	0.124	0.112	0.109	0.136	0.11	0.135	0.114	0.121	0.119	0.139	0.1	0.091	0.107	0.152	0.103	0.345	0.423	420
O	0.11	0.116	0.097	0.111	0.11	0.115	0.287	0.049	0.121	0.113	0.132	0.139	0.283	0.179	0.11	0.102	0.16	0.122	0.098	0.19	0.06	0.134	0.429	0.048	420
P	0.108	0.186	0.195	0.084	0.099	0.116	0.143	0.098	0.052	0.123	0.149	0.124	0.128	0.101	0.095	0.098	0.438	0.097	0.053	0.112	0.134	0.164	0.103	0.174	420