Procedure Summary																									
																									
Plate Type	384 WELL PLATE																								
Read	Read:  (A) 420																								
																									
420																									
	1	2	3	4	5	6	7	8	9	10	11	12	13	14	15	16	17	18	19	20	21	22	23	24	
A	0.178	0.049	0.103	0.103	0.114	0.1	0.097	0.123	0.106	0.191	0.103	0.1	0.124	0.051	0.053	0.098	0.133	0.052	0.1	0.05	0.09	0.053	0.117	0.343	420
B	0.123	0.123	0.105	0.108	0.05	0.106	0.102	0.103	0.113	0.111	0.123	0.103	0.048	0.104	0.097	0.094	0.113	0.308	0.139	0.107	0.139	0.227	0.105	0.138	420
C	0.235	0.099	0.121	0.052	0.116	0.049	0.115	0.137	0.134	0.05	0.135	0.049	0.118	0.102	0.128	0.05	0.113	0.051	0.102	0.122	0.101	0.051	0.13	0.108	420
D	0.1	0.05	0.11	0.157	0.051	0.05	0.112	0.098	0.106	0.112	0.301	0.101	0.119	0.118	0.101	0.101	0.114	0.049	0.115	0.106	0.11	0.101	0.099	0.19	420
E	0.109	0.106	0.118	0.05	0.112	0.11	0.111	0.115	0.105	0.125	0.046	0.055	0.048	0.14	0.102	0.049	0.105	0.136	0.251	0.107	0.111	0.049	0.102	0.051	420
F	0.1	0.109	0.093	0.118	0.05	0.106	0.108	0.099	0.11	0.156	0.1	0.106	0.107	0.205	0.099	0.1	0.122	0.152	0.115	0.118	0.164	0.091	0.189	0.188	420
G	0.389	0.11	0.118	0.097	0.118	0.104	0.129	0.048	0.117	0.115	0.05	0.049	0.13	0.158	0.134	0.051	0.12	0.161	0.123	0.212	0.12	0.131	0.116	0.17	420
H	0.086	0.094	0.088	0.104	0.096	0.253	0.116	0.047	0.103	0.085	0.085	0.092	0.048	0.087	0.097	0.1	0.086	0.124	0.142	0.115	0.091	0.05	0.089	0.052	420
I	0.491	0.106	0.107	0.103	0.116	0.124	0.127	0.112	0.126	0.107	0.201	0.049	0.048	0.047	0.115	0.05	0.123	0.114	0.049	0.11	0.05	0.102	0.102	0.104	420
J	0.054	0.11	0.104	0.123	0.102	0.098	0.051	0.1	0.112	0.097	0.135	0.108	0.112	0.097	0.048	0.093	0.087	0.094	0.115	0.052	0.109	0.094	0.11	0.269	420
K	0.104	0.101	0.109	0.107	0.1	0.115	0.153	0.115	0.13	0.114	0.107	0.051	0.109	0.114	0.052	0.119	0.051	0.053	0.049	0.187	0.053	0.171	0.226	0.159	420
L	0.095	0.104	0.111	0.098	0.095	0.097	0.103	0.093	0.11	0.1	0.105	0.117	0.099	0.048	0.057	0.094	0.092	0.104	0.099	0.053	0.248	0.097	0.113	0.098	420
M	0.053	0.12	0.101	0.131	0.049	0.12	0.106	0.116	0.053	0.103	0.111	0.158	0.12	0.05	0.131	0.174	0.05	0.155	0.144	0.091	0.116	0.095	0.051	0.109	420
N	0.104	0.053	0.138	0.108	0.107	0.113	0.099	0.105	0.101	0.102	0.113	0.108	0.12	0.113	0.151	0.107	0.116	0.097	0.121	0.103	0.107	0.101	0.108	0.237	420
O	0.133	0.177	0.058	0.109	0.053	0.118	0.056	0.115	0.053	0.181	0.147	0.102	0.151	0.109	0.095	0.098	0.149	0.121	0.053	0.103	0.097	0.101	0.11	0.132	420
P	0.215	0.106	0.176	0.208	0.124	0.12	0.116	0.115	0.123	0.107	0.123	0.134	0.115	0.102	0.122	0.11	0.102	0.099	0.253	0.105	0.115	0.11	0.126	0.253	420