Procedure Summary																									
																									
Plate Type	384 WELL PLATE																								
Read	Read:  (A) 420																								
																									
420																									
	1	2	3	4	5	6	7	8	9	10	11	12	13	14	15	16	17	18	19	20	21	22	23	24	
A	0.141	0.284	0.052	0.07	0.049	0.141	0.06	0.238	0.271	0.075	0.052	0.41	0.156	0.078	0.234	0.257	0.055	0.34	0.212	0.086	0.051	0.231	0.05	0.134	420
B	0.056	0.082	0.05	0.068	0.049	0.051	0.049	0.094	0.062	0.047	0.051	0.052	0.05	0.05	0.194	0.047	0.049	0.186	0.055	0.073	0.049	0.052	0.058	0.125	420
C	0.055	0.071	0.048	0.107	0.051	0.072	0.057	0.072	0.053	0.072	0.052	0.095	0.095	0.09	0.05	0.105	0.051	0.078	0.05	0.102	0.08	0.077	0.052	0.148	420
D	0.051	0.059	0.055	0.05	0.068	0.051	0.05	0.051	0.049	0.05	0.055	0.053	0.049	0.053	0.074	0.051	0.048	0.19	0.052	0.063	0.051	0.05	0.1	0.141	420
E	0.051	0.085	0.053	0.072	0.051	0.073	0.051	0.073	0.052	0.109	0.059	0.07	0.052	0.069	0.05	0.073	0.125	0.136	0.055	0.105	0.05	0.14	0.05	0.16	420
F	0.051	0.049	0.051	0.065	0.05	0.053	0.047	0.058	0.054	0.052	0.051	0.07	0.051	0.052	0.086	0.169	0.05	0.048	0.052	0.049	0.047	0.05	0.05	0.054	420
G	0.053	0.071	0.048	0.074	0.047	0.07	0.058	0.067	0.061	0.085	0.07	0.089	0.051	0.088	0.047	0.049	0.05	0.127	0.077	0.073	0.052	0.085	0.049	0.166	420
H	0.056	0.053	0.051	0.051	0.05	0.052	0.049	0.046	0.045	0.079	0.051	0.05	0.05	0.05	0.049	0.052	0.052	0.061	0.05	0.048	0.121	0.05	0.055	0.066	420
I	0.098	0.079	0.072	0.073	0.101	0.071	0.071	0.07	0.051	0.088	0.073	0.079	0.087	0.076	0.13	0.074	0.051	0.077	0.074	0.082	0.075	0.077	0.079	0.142	420
J	0.053	0.049	0.052	0.048	0.05	0.046	0.057	0.051	0.048	0.073	0.073	0.048	0.056	0.05	0.081	0.113	0.051	0.05	0.106	0.068	0.05	0.052	0.055	0.056	420
K	0.113	0.07	0.07	0.071	0.071	0.068	0.068	0.079	0.071	0.072	0.069	0.088	0.056	0.175	0.14	0.071	0.072	0.122	0.08	0.113	0.075	0.077	0.082	0.159	420
L	0.056	0.055	0.05	0.055	0.05	0.052	0.053	0.051	0.047	0.047	0.05	0.05	0.055	0.047	0.049	0.155	0.177	0.049	0.054	0.052	0.166	0.049	0.049	0.054	420
M	0.079	0.075	0.075	0.073	0.074	0.07	0.071	0.053	0.075	0.051	0.108	0.052	0.078	0.07	0.084	0.118	0.105	0.075	0.075	0.113	0.074	0.094	0.082	0.22	420
N	0.055	0.052	0.111	0.057	0.058	0.052	0.05	0.048	0.048	0.047	0.047	0.051	0.056	0.049	0.051	0.049	0.05	0.049	0.05	0.053	0.049	0.052	0.085	0.162	420
O	0.077	0.079	0.086	0.051	0.076	0.116	0.08	0.06	0.093	0.203	0.142	0.074	0.078	0.056	0.075	0.051	0.074	0.052	0.073	0.129	0.072	0.076	0.17	0.139	420
P	0.058	0.059	0.055	0.051	0.056	0.054	0.081	0.108	0.051	0.053	0.057	0.053	0.052	0.055	0.052	0.053	0.052	0.051	0.161	0.13	0.054	0.222	0.236	0.073	420