Procedure Summary																									
																									
Plate Type	384 WELL PLATE																								
Read	Read:  (A) 420																								
																									
420																									
	1	2	3	4	5	6	7	8	9	10	11	12	13	14	15	16	17	18	19	20	21	22	23	24	
A	0.058	0.143	0.101	0.345	0.475	0.074	0.057	0.085	0.094	0.074	0.06	0.09	0.376	0.131	0.058	0.373	0.062	0.058	0.057	0.116	0.224	0.149	0.368	0.057	420
B	0.084	0.093	0.154	0.078	0.121	0.072	0.121	0.316	0.12	0.072	0.065	0.113	0.095	0.152	0.134	0.079	0.363	0.155	0.274	0.06	0.362	0.492	0.065	0.131	420
C	0.109	0.079	0.118	0.093	0.073	0.052	0.07	0.076	0.073	0.071	0.073	0.054	0.087	0.164	0.053	0.071	0.377	0.321	0.087	0.099	0.137	0.115	0.12	0.199	420
D	0.09	0.117	0.107	0.106	0.103	0.068	0.074	0.141	0.053	0.071	0.076	0.127	0.331	0.069	0.051	0.085	0.454	0.331	0.108	0.057	0.198	0.123	0.116	0.055	420
E	0.078	0.079	0.096	0.175	0.071	0.084	0.077	0.066	0.078	0.069	0.053	0.128	0.06	0.071	0.066	0.076	0.106	0.118	0.125	0.132	0.29	0.096	0.086	0.182	420
F	0.084	0.093	0.128	0.073	0.074	0.076	0.109	0.085	0.116	0.118	0.061	0.095	0.134	0.078	0.164	0.069	0.083	0.05	0.128	0.059	0.197	0.15	0.148	0.185	420
G	0.074	0.074	0.072	0.053	0.07	0.09	0.069	0.088	0.106	0.068	0.125	0.104	0.093	0.093	0.066	0.103	0.077	0.068	0.086	0.184	0.155	0.161	0.188	0.205	420
H	0.074	0.078	0.077	0.07	0.053	0.071	0.077	0.07	0.068	0.101	0.316	0.072	0.082	0.087	0.122	0.072	0.071	0.077	0.073	0.051	0.102	0.072	0.097	0.052	420
I	0.076	0.073	0.108	0.055	0.053	0.067	0.074	0.063	0.093	0.285	0.099	0.081	0.085	0.053	0.289	0.09	0.154	0.391	0.093	0.096	0.099	0.054	0.074	0.148	420
J	0.076	0.268	0.111	0.274	0.307	0.091	0.069	0.068	0.083	0.28	0.113	0.073	0.08	0.093	0.191	0.381	0.077	0.077	0.118	0.057	0.069	0.086	0.095	0.203	420
K	0.073	0.052	0.078	0.07	0.099	0.107	0.067	0.065	0.078	0.065	0.116	0.104	0.072	0.326	0.085	0.07	0.082	0.108	0.055	0.075	0.095	0.114	0.117	0.14	420
L	0.083	0.118	0.072	0.08	0.069	0.079	0.076	0.119	0.07	0.098	0.089	0.065	0.054	0.068	0.067	0.07	0.113	0.053	0.117	0.096	0.102	0.091	0.214	0.207	420
M	0.107	0.134	0.157	0.075	0.055	0.127	0.085	0.089	0.083	0.058	0.254	0.436	0.141	0.188	0.322	0.111	0.156	0.306	0.207	0.083	0.339	0.153	0.065	0.23	420
N	0.101	0.083	0.106	0.182	0.075	0.078	0.072	0.079	0.089	0.087	0.089	0.079	0.101	0.069	0.144	0.076	0.087	0.319	0.079	0.086	0.105	0.082	0.172	0.055	420
O	0.105	0.1	0.072	0.114	0.111	0.08	0.243	0.123	0.073	0.107	0.309	0.311	0.098	0.073	0.09	0.36	0.074	0.071	0.135	0.144	0.156	0.074	0.174	0.225	420
P	0.201	0.137	0.102	0.105	0.118	0.085	0.05	0.073	0.095	0.071	0.124	0.074	0.076	0.084	0.052	0.069	0.07	0.051	0.106	0.102	0.117	0.074	0.162	0.125	420