Procedure Summary																									
																									
Plate Type	384 WELL PLATE																								
Read	Read:  (A) 420																								
																									
420																									
	1	2	3	4	5	6	7	8	9	10	11	12	13	14	15	16	17	18	19	20	21	22	23	24	
A	0.216	0.143	0.091	0.254	0.166	0.089	0.052	0.141	0.133	0.329	0.23	0.295	0.221	0.086	0.234	0.329	0.121	0.344	0.077	0.083	0.054	0.088	0.1	0.423	420
B	0.13	0.059	0.1	0.056	0.128	0.055	0.055	0.054	0.099	0.067	0.065	0.052	0.052	0.122	0.098	0.132	0.18	0.057	0.051	0.163	0.054	0.055	0.058	0.057	420
C	0.063	0.086	0.145	0.092	0.054	0.089	0.053	0.217	0.058	0.086	0.055	0.094	0.186	0.183	0.132	0.217	0.054	0.202	0.053	0.092	0.094	0.092	0.18	0.436	420
D	0.143	0.051	0.083	0.053	0.057	0.105	0.127	0.051	0.05	0.054	0.053	0.053	0.084	0.138	0.159	0.138	0.053	0.127	0.053	0.052	0.052	0.055	0.055	0.129	420
E	0.06	0.052	0.055	0.186	0.059	0.09	0.216	0.134	0.052	0.119	0.07	0.132	0.053	0.281	0.274	0.1	0.107	0.193	0.056	0.088	0.055	0.094	0.057	0.386	420
F	0.1	0.055	0.055	0.055	0.053	0.051	0.051	0.059	0.05	0.078	0.054	0.059	0.054	0.055	0.055	0.117	0.409	0.263	0.063	0.057	0.2	0.054	0.32	0.056	420
G	0.055	0.091	0.057	0.102	0.053	0.101	0.092	0.09	0.118	0.119	0.1	0.109	0.084	0.301	0.052	0.072	0.053	0.161	0.097	0.093	0.382	0.11	0.285	0.177	420
H	0.108	0.054	0.053	0.053	0.059	0.052	0.05	0.097	0.051	0.053	0.052	0.053	0.054	0.054	0.48	0.11	0.062	0.053	0.052	0.063	0.055	0.137	0.055	0.057	420
I	0.092	0.092	0.102	0.106	0.111	0.097	0.105	0.104	0.308	0.155	0.115	0.13	0.135	0.124	0.124	0.345	0.114	0.105	0.108	0.312	0.1	0.373	0.351	0.307	420
J	0.057	0.055	0.065	0.062	0.094	0.072	0.094	0.072	0.111	0.054	0.054	0.055	0.095	0.082	0.28	0.202	0.086	0.052	0.393	0.071	0.074	0.057	0.059	0.141	420
K	0.093	0.212	0.089	0.116	0.282	0.099	0.147	0.159	0.121	0.102	0.108	0.136	0.065	0.448	0.099	0.1	0.123	0.224	0.281	0.375	0.227	0.117	0.088	0.45	420
L	0.057	0.111	0.08	0.057	0.057	0.057	0.097	0.13	0.104	0.053	0.321	0.31	0.103	0.054	0.07	0.068	0.077	0.088	0.312	0.053	0.318	0.359	0.13	0.057	420
M	0.085	0.093	0.152	0.094	0.123	0.116	0.225	0.135	0.104	0.317	0.111	0.096	0.102	0.057	0.1	0.11	0.104	0.101	0.093	0.086	0.087	0.085	0.449	0.09	420
N	0.059	0.056	0.117	0.068	0.086	0.061	0.131	0.058	0.059	0.055	0.274	0.369	0.067	0.056	0.096	0.055	0.055	0.28	0.198	0.071	0.117	0.107	0.137	0.328	420
O	0.132	0.102	0.098	0.057	0.111	0.106	0.177	0.059	0.089	0.112	0.114	0.093	0.318	0.352	0.101	0.152	0.099	0.267	0.193	0.087	0.089	0.261	0.193	0.253	420
P	0.062	0.148	0.068	0.073	0.061	0.057	0.189	0.108	0.058	0.089	0.184	0.057	0.144	0.094	0.248	0.3	0.058	0.062	0.131	0.41	0.057	0.059	0.062	0.079	420