Procedure Summary																									
																									
Plate Type	384 WELL PLATE																								
Read	Read:  (A) 420																								
																									
420																									
	1	2	3	4	5	6	7	8	9	10	11	12	13	14	15	16	17	18	19	20	21	22	23	24	
A	0.165	0.835	0.157	0.505	0.111	0.484	0.193	0.536	0.203	0.596	0.078	0.712	0.258	0.561	0.112	0.907	0.473	0.621	0.099	0.551	0.079	0.796	0.643	0.613	420
B	0.21	0.087	0.098	0.082	0.146	0.1	0.064	0.079	0.104	0.06	0.076	0.066	0.066	0.078	0.124	0.089	0.073	0.067	0.175	0.063	0.071	0.087	0.077	0.072	420
C	0.236	0.722	0.138	0.493	0.075	0.406	0.136	0.399	0.122	0.507	0.401	0.525	0.125	0.574	0.096	0.697	0.076	0.507	0.099	0.692	0.496	0.511	0.583	0.719	420
D	0.105	0.086	0.096	0.074	0.13	0.075	0.074	0.073	0.084	0.064	0.085	0.075	0.08	0.074	0.079	0.14	0.067	0.218	0.084	0.066	0.068	0.078	0.074	0.084	420
E	0.105	0.135	0.141	0.532	0.115	0.567	0.085	0.674	0.102	0.487	0.068	0.544	0.075	0.402	0.434	0.487	0.138	0.637	0.107	0.637	0.076	0.403	0.116	0.458	420
F	0.126	0.119	0.118	0.107	0.078	0.072	0.078	0.069	0.097	0.074	0.072	0.066	0.085	0.073	0.419	0.075	0.344	0.118	0.105	0.068	0.078	0.078	0.071	0.14	420
G	0.159	0.514	0.135	0.456	0.082	0.448	0.19	0.563	0.126	0.668	0.523	0.747	0.114	0.68	0.095	0.095	0.073	0.692	0.608	0.729	0.103	0.534	0.265	0.685	420
H	0.156	0.079	0.123	0.107	0.074	0.084	0.079	0.061	0.077	0.074	0.105	0.092	0.074	0.086	0.082	0.09	0.114	0.114	0.125	0.07	0.088	0.066	0.081	0.073	420
I	0.549	0.509	0.619	0.486	0.595	0.475	0.454	0.713	0.141	0.499	0.524	0.764	0.487	0.566	0.588	0.55	0.144	0.514	0.517	0.473	0.441	0.806	0.503	0.473	420
J	0.129	0.097	0.083	0.087	0.095	0.076	0.085	0.072	0.177	0.07	0.114	0.085	0.082	0.121	0.12	0.087	0.418	0.068	0.079	0.435	0.129	0.088	0.218	0.089	420
K	0.643	0.534	0.456	0.624	0.594	0.092	0.442	0.44	0.611	0.506	0.534	0.666	0.111	0.815	0.419	0.664	0.596	0.476	0.388	0.676	0.612	0.742	0.766	0.51	420
L	0.113	0.076	0.105	0.068	0.107	0.085	0.139	0.091	0.069	0.067	0.106	0.115	0.117	0.071	0.098	0.093	0.084	0.081	0.081	0.066	0.277	0.068	0.078	0.527	420
M	0.282	0.473	0.509	0.501	0.564	0.115	0.45	0.069	0.794	0.086	0.61	0.29	0.77	0.081	0.708	0.65	0.444	0.693	0.829	0.614	0.417	0.478	0.475	0.759	420
N	0.182	0.148	0.126	0.083	0.09	0.184	0.109	0.203	0.106	0.086	0.12	0.125	0.137	0.09	0.09	0.086	0.143	0.082	0.073	0.091	0.074	0.096	0.295	0.471	420
O	0.527	0.438	0.567	0.145	0.465	0.47	0.51	0.131	0.708	0.145	0.58	0.656	0.694	0.125	0.791	0.098	0.645	0.113	0.756	0.649	0.577	0.49	0.647	0.585	420
P	0.079	0.221	0.116	0.079	0.104	0.075	0.087	0.129	0.082	0.084	0.113	0.068	0.108	0.103	0.072	0.068	0.112	0.121	0.074	0.145	0.069	0.153	0.284	0.192	420