Procedure Summary																									
																									
Plate Type	384 WELL PLATE																								
Read	Read:  (A) 420																								
																									
420																									
	1	2	3	4	5	6	7	8	9	10	11	12	13	14	15	16	17	18	19	20	21	22	23	24	
A	0.14	0.056	0.114	0.071	0.105	0.079	0.083	0.078	0.086	0.102	0.082	0.145	0.191	0.049	0.193	0.311	0.138	0.149	0.084	0.052	0.078	0.057	0.218	0.12	420
B	0.14	0.14	0.102	0.085	0.1	0.086	0.129	0.089	0.09	0.113	0.095	0.086	0.052	0.16	0.087	0.26	0.096	0.138	0.096	0.096	0.114	0.144	0.085	0.082	420
C	0.352	0.094	0.087	0.052	0.079	0.05	0.096	0.104	0.09	0.052	0.09	0.051	0.14	0.183	0.101	0.056	0.077	0.063	0.081	0.097	0.092	0.056	0.095	0.136	420
D	0.172	0.058	0.09	0.093	0.051	0.049	0.086	0.097	0.101	0.112	0.083	0.086	0.122	0.198	0.146	0.092	0.097	0.075	0.078	0.087	0.087	0.167	0.093	0.17	420
E	0.086	0.248	0.135	0.155	0.117	0.088	0.092	0.088	0.091	0.128	0.049	0.057	0.051	0.104	0.183	0.24	0.1	0.081	0.09	0.271	0.106	0.054	0.087	0.104	420
F	0.105	0.092	0.09	0.094	0.061	0.09	0.124	0.114	0.087	0.095	0.088	0.111	0.092	0.109	0.087	0.155	0.142	0.139	0.096	0.102	0.25	0.097	0.181	0.08	420
G	0.1	0.088	0.113	0.12	0.083	0.091	0.152	0.053	0.114	0.09	0.052	0.053	0.138	0.154	0.091	0.137	0.092	0.13	0.094	0.175	0.063	0.101	0.091	0.18	420
H	0.069	0.121	0.098	0.077	0.075	0.129	0.075	0.049	0.085	0.052	0.083	0.088	0.085	0.099	0.075	0.091	0.073	0.08	0.08	0.127	0.082	0.051	0.164	0.051	420
I	0.235	0.099	0.094	0.09	0.132	0.133	0.234	0.114	0.282	0.103	0.146	0.066	0.067	0.05	0.095	0.053	0.096	0.093	0.056	0.107	0.053	0.261	0.093	0.097	420
J	0.131	0.116	0.216	0.127	0.086	0.097	0.056	0.213	0.155	0.094	0.094	0.106	0.085	0.082	0.052	0.146	0.104	0.093	0.124	0.054	0.176	0.094	0.102	0.162	420
K	0.138	0.261	0.13	0.094	0.119	0.103	0.105	0.113	0.154	0.104	0.133	0.065	0.095	0.092	0.051	0.095	0.059	0.052	0.052	0.133	0.057	0.157	0.263	0.523	420
L	0.122	0.152	0.082	0.089	0.128	0.11	0.136	0.113	0.097	0.128	0.275	0.1	0.148	0.051	0.115	0.138	0.087	0.09	0.09	0.056	0.201	0.282	0.107	0.093	420
M	0.114	0.122	0.157	0.094	0.051	0.098	0.092	0.099	0.052	0.097	0.1	0.111	0.106	0.055	0.091	0.153	0.055	0.11	0.099	0.089	0.172	0.083	0.062	0.093	420
N	0.086	0.119	0.145	0.126	0.135	0.096	0.128	0.134	0.1	0.09	0.119	0.189	0.131	0.094	0.126	0.091	0.09	0.094	0.087	0.144	0.087	0.161	0.056	0.093	420
O	0.097	0.211	0.106	0.118	0.095	0.107	0.062	0.098	0.063	0.213	0.116	0.095	0.099	0.102	0.145	0.111	0.144	0.092	0.055	0.091	0.1	0.087	0.055	0.053	420
P	0.195	0.215	0.18	0.109	0.094	0.086	0.089	0.092	0.168	0.083	0.105	0.084	0.085	0.101	0.088	0.089	0.23	0.085	0.087	0.087	0.107	0.085	0.21	0.175	420