Procedure Summary																									
																									
Plate Type	384 WELL PLATE																								
Read	Read:  (A) 420																								
																									
420																									
	1	2	3	4	5	6	7	8	9	10	11	12	13	14	15	16	17	18	19	20	21	22	23	24	
A	0.205	0.153	0.074	0.19	0.053	0.263	0.056	0.215	0.102	0.204	0.051	0.335	0.269	0.299	0.054	0.294	0.054	0.206	0.052	0.202	0.051	0.427	0.494	0.572	420
B	0.197	0.054	0.067	0.053	0.055	0.05	0.053	0.058	0.059	0.048	0.054	0.053	0.051	0.053	0.053	0.049	0.198	0.057	0.272	0.052	0.052	0.285	0.098	0.213	420
C	0.227	0.261	0.061	0.179	0.059	0.228	0.159	0.229	0.058	0.423	0.06	0.234	0.206	0.314	0.164	0.305	0.052	0.249	0.051	0.223	0.216	0.346	0.45	0.345	420
D	0.056	0.059	0.052	0.061	0.167	0.052	0.049	0.048	0.049	0.052	0.051	0.05	0.049	0.104	0.099	0.084	0.107	0.083	0.053	0.052	0.052	0.06	0.058	0.084	420
E	0.141	0.053	0.06	0.208	0.056	0.227	0.062	0.302	0.151	0.212	0.061	0.199	0.067	0.2	0.215	0.418	0.126	0.19	0.162	0.505	0.063	0.206	0.157	0.295	420
F	0.125	0.054	0.121	0.054	0.051	0.05	0.104	0.049	0.05	0.096	0.053	0.05	0.066	0.059	0.264	0.053	0.197	0.098	0.233	0.224	0.047	0.049	0.178	0.261	420
G	0.147	0.206	0.084	0.212	0.125	0.205	0.234	0.223	0.326	0.225	0.252	0.267	0.093	0.269	0.219	0.149	0.104	0.364	0.449	0.455	0.053	0.404	0.23	0.263	420
H	0.15	0.059	0.051	0.049	0.049	0.075	0.05	0.047	0.124	0.049	0.05	0.049	0.051	0.05	0.368	0.108	0.114	0.052	0.423	0.06	0.141	0.048	0.051	0.05	420
I	0.294	0.324	0.219	0.191	0.449	0.221	0.22	0.441	0.119	0.449	0.258	0.301	0.204	0.274	0.458	0.225	0.055	0.359	0.226	0.218	0.203	0.545	0.194	0.23	420
J	0.16	0.12	0.053	0.124	0.051	0.054	0.175	0.06	0.167	0.05	0.056	0.051	0.113	0.054	0.049	0.056	0.055	0.05	0.051	0.451	0.406	0.505	0.056	0.113	420
K	0.336	0.333	0.22	0.451	0.242	0.245	0.227	0.226	0.216	0.238	0.415	0.309	0.06	0.658	0.217	0.206	0.222	0.188	0.195	0.289	0.294	0.487	0.463	0.381	420
L	0.127	0.214	0.053	0.055	0.05	0.051	0.156	0.053	0.05	0.048	0.064	0.053	0.054	0.049	0.174	0.059	0.056	0.118	0.116	0.048	0.398	0.053	0.054	0.45	420
M	0.173	0.255	0.324	0.236	0.274	0.067	0.328	0.082	0.24	0.052	0.4	0.236	0.406	0.061	0.411	0.453	0.278	0.407	0.212	0.236	0.39	0.444	0.21	0.198	420
N	0.153	0.122	0.096	0.195	0.105	0.082	0.053	0.092	0.057	0.052	0.063	0.113	0.112	0.051	0.053	0.092	0.133	0.051	0.054	0.055	0.353	0.055	0.438	0.37	420
O	0.234	0.348	0.226	0.149	0.236	0.209	0.345	0.088	0.252	0.21	0.354	0.451	0.243	0.06	0.256	0.056	0.232	0.061	0.394	0.23	0.201	0.202	0.733	0.257	420
P	0.056	0.193	0.059	0.084	0.088	0.055	0.053	0.096	0.051	0.294	0.249	0.054	0.101	0.054	0.184	0.119	0.055	0.107	0.306	0.056	0.056	0.265	0.056	0.089	420