Procedure Summary																									
																									
Plate Type	384 WELL PLATE																								
Read	Read:  (A) 420																								
																									
420																									
	1	2	3	4	5	6	7	8	9	10	11	12	13	14	15	16	17	18	19	20	21	22	23	24	
A	0.136	0.157	0.145	0.156	0.321	0.249	0.103	0.14	0.086	0.123	0.112	0.108	0.228	0.118	0.111	0.125	0.117	0.259	0.119	0.113	0.125	0.1	0.18	0.254	420
B	0.151	0.154	0.224	0.256	0.114	0.122	0.202	0.117	0.124	0.277	0.132	0.321	0.138	0.051	0.126	0.052	0.123	0.277	0.122	0.095	0.122	0.127	0.123	0.15	420
C	0.138	0.133	0.123	0.054	0.15	0.752	0.146	0.156	0.116	0.134	0.116	0.137	0.127	0.279	0.049	0.149	0.14	0.126	0.124	0.106	0.143	0.133	0.106	0.195	420
D	0.149	0.053	0.122	0.081	0.139	0.13	0.202	0.268	0.128	0.231	0.11	0.298	0.136	0.13	0.137	0.125	0.134	0.295	0.128	0.263	0.114	0.231	0.127	0.172	420
E	0.134	0.108	0.136	0.053	0.138	0.23	0.117	0.127	0.127	0.13	0.119	0.101	0.125	0.207	0.117	0.139	0.119	0.126	0.118	0.118	0.148	0.136	0.137	0.3	420
F	0.097	0.056	0.128	0.217	0.164	0.122	0.132	0.124	0.118	0.118	0.121	0.125	0.124	0.12	0.133	0.105	0.126	0.102	0.138	0.05	0.119	0.124	0.236	0.204	420
G	0.14	0.165	0.119	0.057	0.109	0.119	0.124	0.05	0.081	0.119	0.122	0.123	0.128	0.123	0.112	0.139	0.109	0.156	0.115	0.289	0.12	0.135	0.179	0.213	420
H	0.157	0.144	0.099	0.101	0.13	0.09	0.125	0.127	0.061	0.1	0.117	0.113	0.114	0.086	0.292	0.12	0.088	0.099	0.09	0.115	0.05	0.108	0.15	0.12	420
I	0.201	0.054	0.119	0.123	0.121	0.14	0.124	0.166	0.758	0.056	0.117	0.132	0.087	0.103	0.131	0.115	0.117	0.108	0.117	0.134	0.122	0.178	0.056	0.181	420
J	0.155	0.141	0.215	0.179	0.129	0.119	0.138	0.129	0.139	0.055	0.115	0.479	0.096	0.169	0.091	0.612	0.12	0.161	0.132	0.115	0.129	0.102	0.128	0.094	420
K	0.168	0.131	0.154	0.149	0.274	0.118	0.121	0.113	0.114	0.116	0.124	0.092	0.134	0.244	0.214	0.137	0.115	0.262	0.125	0.129	0.134	0.171	0.067	0.109	420
L	0.112	0.115	0.123	0.12	0.137	0.123	0.146	0.116	0.113	0.133	0.089	0.113	0.13	0.136	0.162	0.104	0.122	0.12	0.125	0.116	0.128	0.125	0.114	0.148	420
M	0.125	0.135	0.159	0.15	0.115	0.113	0.132	0.117	0.134	0.051	0.132	0.114	0.145	0.136	0.132	0.143	0.131	0.187	0.203	0.147	0.149	0.399	0.28	0.122	420
N	0.137	0.132	0.138	0.054	0.137	0.143	0.173	0.291	0.155	0.144	0.185	0.152	0.146	0.057	0.139	0.139	0.228	0.142	0.131	0.138	0.36	0.146	0.224	0.375	420
O	0.1	0.125	0.123	0.136	0.126	0.129	0.184	0.06	0.151	0.198	0.157	0.176	0.16	0.136	0.164	0.141	0.147	0.121	0.15	0.175	0.054	0.187	0.141	0.11	420
P	0.109	0.107	0.089	0.099	0.114	0.153	0.184	0.162	0.059	0.15	0.16	0.122	0.126	0.153	0.143	0.214	0.096	0.142	0.171	0.287	0.118	0.102	0.106	0.116	420