Procedure Summary																									
																									
Plate Type	384 WELL PLATE																								
Read	Read:  (A) 420																								
																									
420																									
	1	2	3	4	5	6	7	8	9	10	11	12	13	14	15	16	17	18	19	20	21	22	23	24	
A	0.102	0.077	0.119	0.767	0.132	0.11	0.104	0.097	0.104	0.118	0.108	0.087	0.096	0.05	0.063	0.103	0.098	0.05	0.083	0.051	0.105	0.053	0.224	0.486	420
B	0.193	0.134	0.129	0.139	0.057	0.129	0.136	0.113	0.12	0.117	0.118	0.193	0.063	0.119	0.114	0.125	0.126	0.198	0.118	0.107	0.147	0.217	0.101	0.109	420
C	0.266	0.126	0.128	0.059	0.123	0.054	0.126	0.125	0.133	0.052	0.144	0.048	0.119	0.113	0.119	0.052	0.118	0.057	0.098	0.133	0.103	0.057	0.099	0.08	420
D	0.108	0.053	0.193	0.12	0.055	0.053	0.136	0.139	0.154	0.167	0.089	0.134	0.135	0.21	0.133	0.129	0.162	0.052	0.09	0.113	0.117	0.123	0.118	0.143	420
E	0.108	0.117	0.118	0.055	0.11	0.144	0.134	0.12	0.127	0.136	0.047	0.071	0.047	0.112	0.128	0.05	0.124	0.185	0.113	0.145	0.134	0.053	0.104	0.116	420
F	0.092	0.12	0.147	0.141	0.068	0.148	0.148	0.157	0.136	0.159	0.142	0.139	0.132	0.13	0.135	0.149	0.138	0.107	0.151	0.156	0.134	0.158	0.124	0.18	420
G	0.155	0.135	0.139	0.131	0.139	0.123	0.143	0.061	0.11	0.146	0.061	0.056	0.12	0.158	0.132	0.105	0.135	0.174	0.13	0.155	0.057	0.151	0.109	0.146	420
H	0.079	0.099	0.137	0.094	0.102	0.117	0.103	0.052	0.115	0.095	0.093	0.106	0.054	0.085	0.089	0.116	0.088	0.097	0.123	0.105	0.09	0.051	0.102	0.06	420
I	0.159	0.148	0.146	0.126	0.139	0.141	0.143	0.125	0.131	0.153	0.209	0.054	0.048	0.048	0.149	0.052	0.15	0.143	0.051	0.144	0.05	0.145	0.115	0.131	420
J	0.074	0.117	0.286	0.131	0.157	0.144	0.053	0.127	0.147	0.158	0.137	0.17	0.141	0.132	0.051	0.142	0.132	0.165	0.15	0.052	0.152	0.119	0.111	0.112	420
K	0.098	0.129	0.148	0.138	0.145	0.121	0.18	0.148	0.146	0.119	0.148	0.051	0.135	0.15	0.051	0.141	0.06	0.063	0.048	0.142	0.051	0.15	0.157	0.467	420
L	0.097	0.134	0.244	0.129	0.156	0.137	0.17	0.129	0.135	0.146	0.139	0.125	0.147	0.051	0.05	0.139	0.119	0.157	0.143	0.054	0.148	0.141	0.141	0.168	420
M	0.055	0.11	0.136	0.145	0.05	0.15	0.103	0.167	0.055	0.161	0.136	0.157	0.142	0.051	0.145	0.142	0.056	0.153	0.173	0.119	0.165	0.11	0.051	0.115	420
N	0.109	0.075	0.151	0.139	0.132	0.123	0.141	0.152	0.149	0.133	0.139	0.132	0.158	0.151	0.141	0.107	0.149	0.153	0.156	0.15	0.132	0.133	0.054	0.156	420
O	0.12	0.3	0.056	0.122	0.054	0.122	0.065	0.16	0.112	0.531	0.162	0.174	0.145	0.144	0.144	0.144	0.191	0.107	0.054	0.138	0.185	0.113	0.054	0.054	420
P	0.19	0.121	0.107	0.163	0.102	0.105	0.103	0.101	0.109	0.104	0.139	0.123	0.132	0.13	0.12	0.141	0.14	0.117	0.259	0.25	0.101	0.19	0.112	0.173	420