Procedure Summary																									
																									
Plate Type	384 WELL PLATE																								
Read	Read:  (A) 420																								
																									
420																									
	1	2	3	4	5	6	7	8	9	10	11	12	13	14	15	16	17	18	19	20	21	22	23	24	
A	0.265	0.217	0.299	0.278	0.064	0.471	0.293	0.255	0.296	0.369	0.394	0.347	0.554	0.257	0.442	0.48	0.242	0.371	0.255	0.198	0.248	0.055	0.053	0.673	420
B	0.239	0.237	0.325	0.245	0.252	0.223	0.057	0.259	0.227	0.051	0.237	0.345	0.204	0.247	0.458	0.051	0.218	0.474	0.263	0.266	0.257	0.217	0.265	0.256	420
C	0.295	0.273	0.251	0.051	0.289	0.287	0.3	0.241	0.26	0.056	0.261	0.051	0.327	0.463	0.276	0.265	0.224	0.383	0.304	0.684	0.054	0.248	0.261	0.3	420
D	0.217	0.245	0.204	0.226	0.231	0.229	0.055	0.051	0.05	0.24	0.233	0.253	0.455	0.211	0.249	0.242	0.24	0.236	0.238	0.246	0.214	0.574	0.258	0.614	420
E	0.055	0.239	0.257	0.192	0.232	0.206	0.237	0.257	0.262	0.295	0.261	0.251	0.289	0.292	0.266	0.413	0.255	0.233	0.525	0.226	0.057	0.209	0.267	0.201	420
F	0.215	0.304	0.195	0.337	0.053	0.211	0.051	0.211	0.205	0.212	0.206	0.206	0.215	0.217	0.29	0.224	0.29	0.233	0.256	0.183	0.054	0.053	0.303	0.253	420
G	0.238	0.245	0.248	0.227	0.255	0.224	0.253	0.236	0.231	0.223	0.063	0.054	0.062	0.194	0.244	0.237	0.318	0.357	0.233	0.339	0.311	0.515	0.251	0.391	420
H	0.236	0.204	0.187	0.177	0.19	0.198	0.178	0.05	0.053	0.206	0.225	0.211	0.197	0.203	0.243	0.243	0.222	0.263	0.261	0.055	0.284	0.055	0.213	0.053	420
I	0.233	0.22	0.055	0.247	0.183	0.276	0.08	0.315	0.238	0.234	0.205	0.24	0.057	0.273	0.053	0.386	0.281	0.193	0.258	0.262	0.282	0.277	0.299	0.372	420
J	0.206	0.054	0.222	0.23	0.212	0.061	0.268	0.203	0.238	0.247	0.257	0.052	0.26	0.211	0.26	0.214	0.455	0.052	0.114	0.546	0.522	0.281	0.331	0.646	420
K	0.235	0.054	0.114	0.203	0.364	0.218	0.281	0.196	0.253	0.253	0.199	0.235	0.223	0.357	0.072	0.253	0.265	0.259	0.431	0.46	0.35	0.333	0.413	0.557	420
L	0.214	0.191	0.217	0.203	0.056	0.197	0.228	0.214	0.081	0.064	0.241	0.217	0.246	0.075	0.23	0.24	0.275	0.306	0.31	0.054	0.36	0.329	0.3	0.222	420
M	0.206	0.055	0.266	0.163	0.251	0.203	0.237	0.214	0.255	0.209	0.259	0.195	0.241	0.245	0.264	0.294	0.302	0.395	0.27	0.246	0.267	0.254	0.059	0.432	420
N	0.197	0.214	0.08	0.213	0.416	0.199	0.253	0.057	0.21	0.254	0.247	0.233	0.278	0.055	0.266	0.257	0.215	0.231	0.211	0.254	0.285	0.28	0.573	0.184	420
O	0.261	0.228	0.315	0.218	0.072	0.212	0.217	0.255	0.243	0.376	0.388	0.206	0.322	0.23	0.266	0.245	0.216	0.385	0.467	0.254	0.264	0.23	0.274	0.283	420
P	0.199	0.34	0.337	0.192	0.134	0.146	0.07	0.16	0.154	0.145	0.202	0.138	0.145	0.153	0.183	0.058	0.191	0.148	0.195	0.315	0.211	0.261	0.149	0.077	420