Procedure Summary																									
																									
Plate Type	384 WELL PLATE																								
Read	Read:  (A) 420																								
																									
420																									
	1	2	3	4	5	6	7	8	9	10	11	12	13	14	15	16	17	18	19	20	21	22	23	24	
A	0.501	0.066	0.468	0.298	0.349	0.394	0.515	0.462	0.537	0.53	0.463	0.502	0.592	0.063	0.077	0.076	0.45	0.064	0.428	0.06	0.422	0.065	0.52	0.49	420
B	0.468	0.441	0.489	0.515	0.068	0.456	0.501	0.503	0.416	0.419	0.55	0.401	0.064	0.445	0.43	0.447	0.5	0.635	0.496	0.511	0.748	0.647	0.434	0.485	420
C	0.522	0.489	0.419	0.07	0.42	0.124	0.495	0.523	0.49	0.061	0.428	0.062	0.477	0.547	0.453	0.095	0.417	0.185	0.4	0.393	0.413	0.062	0.471	0.117	420
D	0.413	0.075	0.474	0.508	0.077	0.065	0.479	0.393	0.485	0.46	0.364	0.52	0.453	0.713	0.417	0.509	0.466	0.058	0.252	0.423	0.413	0.466	0.465	0.507	420
E	0.48	0.439	0.446	0.074	0.408	0.462	0.442	0.421	0.436	0.441	0.053	0.067	0.053	0.412	0.441	0.063	0.369	0.421	0.449	0.37	0.414	0.06	0.501	0.06	420
F	0.393	0.438	0.439	0.442	0.059	0.467	0.395	0.437	0.433	0.48	0.413	0.501	0.45	0.53	0.53	0.495	0.46	0.371	0.41	0.507	0.413	0.471	0.494	0.451	420
G	0.407	0.377	0.442	0.407	0.419	0.399	0.459	0.094	0.33	0.47	0.059	0.061	0.393	0.391	0.441	0.064	0.486	0.465	0.39	0.472	0.068	0.414	0.496	0.515	420
H	0.393	0.346	0.407	0.393	0.366	0.62	0.407	0.062	0.439	0.341	0.385	0.474	0.057	0.319	0.366	0.385	0.413	0.395	0.396	0.359	0.45	0.063	0.394	0.063	420
I	0.509	0.445	0.405	0.394	0.436	0.468	0.406	0.419	0.443	0.435	0.616	0.068	0.06	0.053	0.405	0.063	0.423	0.444	0.064	0.417	0.067	0.456	0.39	0.412	420
J	0.099	0.431	0.497	0.557	0.394	0.369	0.072	0.407	0.441	0.427	0.364	0.496	0.436	0.391	0.073	0.415	0.413	0.407	0.389	0.373	0.633	0.399	0.406	0.501	420
K	0.448	0.377	0.438	0.453	0.399	0.432	0.521	0.391	0.468	0.476	0.493	0.065	0.409	0.429	0.065	0.431	0.066	0.066	0.059	0.454	0.064	0.36	0.281	0.949	420
L	0.426	0.404	0.503	0.439	0.414	0.443	0.399	0.384	0.453	0.443	0.443	0.456	0.424	0.064	0.186	0.407	0.344	0.384	0.401	0.065	0.388	0.383	0.378	0.377	420
M	0.093	0.4	0.444	0.346	0.068	0.454	0.361	0.445	0.07	0.386	0.401	0.559	0.447	0.062	0.511	0.535	0.068	0.429	0.448	0.33	0.386	0.32	0.056	0.379	420
N	0.455	0.067	0.467	0.44	0.423	0.371	0.41	0.424	0.416	0.389	0.453	0.453	0.483	0.443	0.429	0.351	0.463	0.434	0.449	0.367	0.449	0.398	0.081	0.441	420
O	0.529	0.7	0.088	0.414	0.069	0.37	0.096	0.466	0.076	0.57	0.479	0.434	0.422	0.407	0.482	0.461	0.55	0.38	0.182	0.462	0.416	0.426	0.147	0.068	420
P	0.62	0.544	0.605	0.702	0.521	0.405	0.49	0.395	0.434	0.401	0.539	0.471	0.472	0.417	0.448	0.467	0.443	0.476	0.454	0.467	0.409	0.467	0.43	0.457	420