Procedure Summary																									
																									
Plate Type	384 WELL PLATE																								
Read	Read:  (A) 420																								
																									
420																									
	1	2	3	4	5	6	7	8	9	10	11	12	13	14	15	16	17	18	19	20	21	22	23	24	
A	0.437	0.547	0.428	0.418	0.425	0.493	0.395	0.439	0.367	0.634	0.408	0.551	0.641	0.339	0.589	0.486	0.509	0.485	0.443	0.409	0.373	0.409	0.41	0.84	420
B	0.464	0.429	0.477	0.449	0.434	0.413	0.422	0.363	0.602	0.244	0.431	0.439	0.384	0.058	0.509	0.063	0.488	0.495	0.394	0.601	0.776	0.482	0.484	0.463	420
C	0.333	0.446	0.468	0.063	0.357	0.277	0.421	0.383	0.601	0.47	0.385	0.382	0.561	0.187	0.428	0.376	0.345	0.574	0.374	0.305	0.422	0.351	0.787	0.647	420
D	0.456	0.068	0.416	0.067	0.379	0.432	0.475	0.334	0.401	0.458	0.595	0.454	0.445	0.361	0.524	0.381	0.44	0.639	0.368	0.384	0.319	0.414	0.395	0.556	420
E	0.397	0.382	0.378	0.056	0.505	0.318	0.271	0.37	0.416	0.379	0.381	0.185	0.379	0.371	0.371	0.596	0.594	0.392	0.447	0.349	0.707	0.321	0.415	0.398	420
F	0.358	0.072	0.395	0.412	0.514	0.385	0.499	0.387	0.568	0.386	0.402	0.456	0.364	0.513	0.649	0.34	0.509	0.312	0.39	0.062	0.383	0.369	0.47	0.487	420
G	0.599	0.369	0.356	0.07	0.33	0.385	0.43	0.056	0.1	0.356	0.612	0.443	0.44	0.335	0.467	0.369	0.414	0.736	0.363	0.788	0.448	0.661	0.437	0.581	420
H	0.367	0.346	0.33	0.315	0.388	0.354	0.63	0.364	0.339	0.488	0.322	0.411	0.189	0.343	0.419	0.313	0.362	0.309	0.353	0.388	0.097	0.498	0.417	0.377	420
I	0.382	0.069	0.383	0.356	0.38	0.414	0.414	0.53	0.763	0.134	0.322	0.443	0.313	0.33	0.694	0.627	0.383	0.404	0.62	0.366	0.38	0.921	0.07	0.389	420
J	0.301	0.399	0.521	0.373	0.361	0.385	0.338	0.554	0.454	0.109	0.39	0.425	0.069	0.33	0.256	0.329	0.559	0.568	0.425	0.678	0.633	0.424	0.78	0.627	420
K	0.373	0.349	0.34	0.366	0.362	0.372	0.378	0.35	0.36	0.372	0.38	0.264	0.436	0.255	0.334	0.56	0.316	0.389	0.39	0.59	0.421	0.818	0.457	0.328	420
L	0.284	0.407	0.369	0.368	0.339	0.346	0.4	0.294	0.38	0.324	0.442	0.353	0.384	0.359	0.375	0.289	0.236	0.348	0.594	0.558	0.741	0.38	0.348	0.353	420
M	0.401	0.356	0.367	0.394	0.352	0.379	0.468	0.458	0.373	0.517	0.367	0.418	0.416	0.324	0.518	0.593	0.649	0.498	0.372	0.553	0.461	0.604	0.523	0.624	420
N	0.408	0.532	0.584	0.096	0.613	0.383	0.399	0.441	0.574	0.581	0.285	0.394	0.494	0.107	0.523	0.328	0.527	0.355	0.358	0.414	0.717	0.356	0.682	0.722	420
O	0.341	0.35	0.374	0.399	0.377	0.328	0.563	0.208	0.345	0.634	0.512	0.397	0.594	0.374	0.513	0.347	0.401	0.339	0.59	0.468	0.254	0.459	0.545	0.376	420
P	0.385	0.531	0.529	0.364	0.387	0.484	0.419	0.427	0.064	0.342	0.349	0.336	0.33	0.37	0.377	0.411	0.262	0.479	0.065	0.417	0.364	0.453	0.383	0.741	420