Procedure Summary																									
																									
Plate Type	384 WELL PLATE																								
Read	Read:  (A) 420																								
																									
420																									
	1	2	3	4	5	6	7	8	9	10	11	12	13	14	15	16	17	18	19	20	21	22	23	24	
A	0.206	0.096	0.232	0.14	0.215	0.444	0.206	0.194	0.371	0.25	0.184	0.491	0.332	0.061	0.061	0.303	0.35	0.059	0.202	0.055	0.217	0.059	0.595	0.496	420
B	0.264	0.204	0.203	0.21	0.054	0.2	0.214	0.191	0.251	0.171	0.412	0.217	0.08	0.184	0.211	0.176	0.274	0.458	0.215	0.231	0.215	0.458	0.211	0.269	420
C	0.313	0.241	0.193	0.065	0.233	0.059	0.236	0.201	0.193	0.055	0.19	0.051	0.309	0.377	0.183	0.136	0.183	0.056	0.217	0.231	0.216	0.054	0.229	0.442	420
D	0.168	0.054	0.215	0.221	0.076	0.054	0.194	0.211	0.383	0.265	0.177	0.227	0.198	0.355	0.249	0.249	0.309	0.067	0.135	0.206	0.219	0.212	0.226	0.535	420
E	0.22	0.194	0.201	0.054	0.187	0.196	0.239	0.191	0.262	0.186	0.051	0.058	0.051	0.189	0.172	0.071	0.188	0.182	0.427	0.213	0.481	0.053	0.233	0.054	420
F	0.205	0.203	0.207	0.192	0.078	0.199	0.203	0.184	0.2	0.218	0.177	0.207	0.232	0.211	0.222	0.197	0.36	0.208	0.252	0.242	0.192	0.208	0.243	0.27	420
G	0.208	0.182	0.221	0.191	0.173	0.18	0.246	0.054	0.186	0.195	0.319	0.271	0.321	0.366	0.186	0.116	0.203	0.218	0.215	0.449	0.053	0.43	0.249	0.205	420
H	0.179	0.176	0.186	0.156	0.158	0.259	0.404	0.053	0.183	0.146	0.164	0.467	0.052	0.139	0.446	0.178	0.153	0.181	0.503	0.207	0.183	0.076	0.19	0.071	420
I	0.239	0.188	0.198	0.179	0.199	0.186	0.199	0.308	0.194	0.196	0.199	0.055	0.055	0.053	0.392	0.085	0.048	0.192	0.443	0.427	0.054	0.498	0.203	0.239	420
J	0.083	0.187	0.186	0.253	0.177	0.181	0.258	0.325	0.244	0.177	0.174	0.194	0.182	0.172	0.053	0.377	0.394	0.048	0.043	0.357	0.544	0.211	0.213	0.508	420
K	0.203	0.203	0.18	0.172	0.201	0.197	0.206	0.176	0.182	0.331	0.2	0.055	0.174	0.394	0.087	0.398	0.077	0.094	0.052	0.05	0.049	0.057	0.616	1.108	420
L	0.213	0.185	0.174	0.169	0.19	0.196	0.201	0.172	0.186	0.198	0.366	0.168	0.203	0.049	0.089	0.201	0.17	0.188	0.447	0.069	0.516	0.048	0.049	0.495	420
M	0.094	0.241	0.201	0.177	0.056	0.171	0.165	0.186	0.294	0.187	0.18	0.207	0.374	0.055	0.231	0.391	0.055	0.344	0.202	0.183	0.274	0.411	0.051	0.05	420
N	0.233	0.135	0.33	0.294	0.178	0.161	0.186	0.209	0.187	0.196	0.251	0.184	0.364	0.203	0.235	0.179	0.222	0.425	0.179	0.228	0.476	0.22	0.351	0.473	420
O	0.258	0.305	0.076	0.233	0.056	0.175	0.1	0.192	0.08	0.98	0.319	0.2	0.193	0.358	0.36	0.177	0.248	0.173	0.318	0.386	0.419	0.222	0.124	0.086	420
P	0.294	0.294	0.211	0.525	0.238	0.19	0.199	0.322	0.178	0.183	0.205	0.207	0.181	0.185	0.181	0.195	0.214	0.196	0.375	0.547	0.224	0.344	0.238	0.284	420