Procedure Summary																									
																									
Plate Type	384 WELL PLATE																								
Read	Read:  (A) 420																								
																									
420																									
	1	2	3	4	5	6	7	8	9	10	11	12	13	14	15	16	17	18	19	20	21	22	23	24	
A	0.461	0.239	0.281	0.192	0.301	0.293	0.199	0.211	0.371	0.209	0.202	0.251	0.353	0.235	0.206	0.312	0.312	0.907	0.218	0.264	0.224	0.194	0.264	0.38	420
B	0.341	0.234	0.237	0.254	0.251	0.217	0.248	0.261	0.237	0.156	0.229	0.252	0.228	0.053	0.24	0.052	0.272	0.372	0.209	0.178	0.215	0.263	0.218	0.291	420
C	0.203	0.417	0.274	0.054	0.223	0.171	0.288	0.232	0.221	0.359	0.231	0.209	0.279	0.181	0.222	0.359	0.223	0.234	0.155	0.186	0.222	0.184	0.236	0.277	420
D	0.237	0.05	0.442	0.063	0.294	0.221	0.289	0.201	0.282	0.246	0.215	0.263	0.224	0.222	0.562	0.261	0.339	0.62	0.229	0.221	0.205	0.316	0.226	0.202	420
E	0.264	0.262	0.225	0.051	0.233	0.259	0.18	0.284	0.269	0.243	0.218	0.048	0.257	0.234	0.227	0.246	0.223	0.207	0.24	0.282	0.238	0.283	0.209	0.207	420
F	0.229	0.054	0.241	0.223	0.282	0.249	0.269	0.251	0.234	0.313	0.219	0.238	0.224	0.227	0.297	0.203	0.217	0.216	0.27	0.149	0.239	0.21	0.305	0.235	420
G	0.328	0.259	0.239	0.053	0.226	0.246	0.291	0.047	0.051	0.221	0.261	0.232	0.251	0.514	0.237	0.209	0.236	0.252	0.239	0.511	0.188	0.245	0.289	0.358	420
H	0.255	0.221	0.248	0.169	0.208	0.249	0.226	0.207	0.245	0.221	0.207	0.241	0.184	0.194	0.365	0.217	0.2	0.176	0.445	0.271	0.053	0.243	0.371	0.176	420
I	0.379	0.054	0.224	0.223	0.331	0.36	0.224	0.272	0.906	0.1	0.21	0.222	0.194	0.243	0.247	0.228	0.216	0.213	0.591	0.226	0.225	0.751	0.101	0.218	420
J	0.222	0.253	0.374	0.323	0.249	0.226	0.219	0.411	0.331	0.051	0.247	0.228	0.055	0.489	0.166	0.396	0.563	0.3	0.255	0.431	0.616	0.256	0.21	0.182	420
K	0.291	0.217	0.296	0.226	0.258	0.306	0.222	0.224	0.21	0.272	0.202	0.19	0.274	0.051	0.189	0.26	0.228	0.258	0.217	0.282	0.311	0.324	0.06	0.61	420
L	0.213	0.242	0.233	0.212	0.224	0.241	0.283	0.248	0.237	0.207	0.351	0.232	0.224	0.214	0.241	0.201	0.227	0.238	0.587	0.263	0.413	0.209	0.192	0.618	420
M	0.241	0.269	0.231	0.231	0.227	0.232	0.441	0.297	0.223	0.053	0.27	0.215	0.243	0.285	0.426	0.494	0.203	0.271	0.286	0.306	0.308	0.995	0.24	0.408	420
N	0.305	0.265	0.302	0.061	0.232	0.236	0.25	0.274	0.239	0.241	0.223	0.258	0.434	0.117	0.243	0.22	0.29	0.215	0.2	0.237	0.417	0.227	0.264	0.458	420
O	0.209	0.262	0.24	0.304	0.259	0.217	0.328	0.091	0.249	0.486	0.371	0.253	0.281	0.232	0.239	0.234	0.198	0.209	0.252	0.267	0.057	0.237	0.258	0.304	420
P	0.222	0.319	0.237	0.214	0.251	0.246	0.226	0.254	0.055	0.243	0.262	0.216	0.228	0.218	0.218	0.266	0.157	0.268	0.308	0.533	0.207	0.345	0.221	0.457	420