Procedure Summary																									
																									
Plate Type	384 WELL PLATE																								
Read	Read:  (A) 420																								
																									
420																									
	1	2	3	4	5	6	7	8	9	10	11	12	13	14	15	16	17	18	19	20	21	22	23	24	
A	0.062	1.017	0.382	0.193	0.676	0.213	0.134	0.213	0.148	0.121	0.048	0.178	0.348	0.211	0.366	0.486	0.052	0.196	0.049	0.259	0.223	0.251	0.213	0.2	420
B	0.269	0.234	0.272	0.231	0.206	0.278	0.226	0.245	0.221	0.233	0.164	0.263	0.257	0.256	0.385	0.264	0.279	0.325	0.455	0.049	0.259	0.26	0.049	0.597	420
C	0.21	0.269	0.23	0.933	0.231	0.24	0.283	0.259	0.189	0.203	0.227	0.049	0.316	0.237	0.049	0.269	0.232	0.206	0.228	0.223	0.267	0.265	0.248	0.246	420
D	0.165	0.239	0.255	0.312	0.286	0.241	0.244	0.234	0.048	0.243	0.206	0.232	0.218	0.188	0.046	0.245	0.224	0.235	0.248	0.048	0.237	0.256	0.262	0.05	420
E	0.159	0.24	0.203	0.227	0.228	0.215	0.37	0.234	0.246	0.239	0.047	0.62	0.047	0.235	0.215	0.215	0.166	0.229	0.187	0.224	0.239	0.203	0.244	0.18	420
F	0.208	0.212	0.264	0.241	0.254	0.221	0.241	0.234	0.184	0.24	0.046	0.207	0.216	0.247	0.254	0.27	0.182	0.046	0.134	0.047	0.257	0.262	0.275	0.195	420
G	0.202	0.184	0.206	0.054	0.22	0.267	0.213	0.264	0.176	0.268	0.22	0.221	0.217	0.241	0.223	0.289	0.281	0.236	0.223	0.308	0.244	0.221	0.265	0.308	420
H	0.226	0.211	0.218	0.221	0.047	0.266	0.296	0.216	0.311	0.207	0.211	0.252	0.184	0.231	0.253	0.203	0.236	0.154	0.221	0.048	0.232	0.256	0.245	0.291	420
I	0.24	0.284	0.219	0.185	0.051	0.267	0.243	0.38	0.233	0.214	0.235	0.183	0.188	0.051	0.209	0.227	0.271	0.217	0.215	0.242	0.228	0.105	0.389	0.241	420
J	0.212	0.321	0.233	0.248	0.264	0.23	0.255	0.239	0.267	0.218	0.238	0.046	0.197	0.198	0.221	0.132	0.137	0.424	0.252	0.265	0.355	0.238	0.209	0.488	420
K	0.192	0.26	0.232	0.185	0.247	0.219	0.205	0.238	0.179	0.176	0.211	0.231	0.192	0.472	0.428	0.227	0.206	0.218	0.052	0.229	0.29	0.214	0.245	0.529	420
L	0.2	0.282	0.266	0.232	0.221	0.216	0.209	0.171	0.218	0.178	0.239	0.214	0.103	0.07	0.214	0.237	0.215	0.047	0.238	0.248	0.244	0.249	0.219	0.05	420
M	0.15	0.247	0.282	0.193	0.051	0.222	0.256	0.241	0.212	0.047	0.205	0.22	0.459	0.215	0.226	0.244	0.317	0.284	0.205	0.125	0.239	0.231	0.205	0.501	420
N	0.242	0.218	0.206	0.218	0.271	0.256	0.254	0.294	0.213	0.159	0.243	0.291	0.241	0.216	0.234	0.213	0.22	0.217	0.218	0.549	0.269	0.212	0.419	0.053	420
O	0.225	0.248	0.131	0.211	0.192	0.234	0.37	0.174	0.211	0.221	0.273	0.199	0.222	0.213	0.247	0.23	0.236	0.225	0.281	0.278	0.264	0.306	0.258	0.298	420
P	0.152	0.234	0.232	0.22	0.179	0.172	0.048	0.245	0.214	0.218	0.239	0.157	0.212	0.172	0.049	0.189	0.206	0.552	0.19	0.165	0.209	0.187	0.21	0.175	420