Procedure Summary																									
																									
Plate Type	384 WELL PLATE																								
Read	Read:  (A) 420																								
																									
420																									
	1	2	3	4	5	6	7	8	9	10	11	12	13	14	15	16	17	18	19	20	21	22	23	24	
A	0.095	0.716	0.53	0.3	0.237	0.583	0.272	0.392	0.38	0.395	0.089	0.605	0.522	0.361	0.957	0.419	0.059	0.439	0.056	0.388	0.373	0.622	0.427	0.797	420
B	0.47	0.357	0.466	0.388	0.372	0.393	0.387	0.381	0.396	0.415	0.624	0.557	0.341	0.389	0.625	0.385	0.499	0.653	0.442	0.055	0.424	0.409	0.056	0.611	420
C	0.403	0.423	0.417	0.534	0.377	0.388	0.403	0.343	0.474	0.269	0.3	0.519	0.585	0.606	0.053	0.399	0.362	0.399	0.4	0.412	0.386	0.435	0.402	0.616	420
D	0.426	0.377	0.381	0.435	0.442	0.375	0.385	0.401	0.055	0.534	0.517	0.574	0.442	0.444	0.056	0.485	0.396	0.373	0.208	0.052	0.408	0.407	0.451	0.153	420
E	0.405	0.38	0.327	0.356	0.348	0.334	0.297	0.399	0.361	0.387	0.058	0.722	0.053	0.369	0.355	0.42	0.541	0.39	0.601	0.396	0.383	0.342	0.4	0.251	420
F	0.448	0.359	0.36	0.397	0.346	0.365	0.394	0.367	0.485	0.391	0.053	0.276	0.326	0.362	0.437	0.423	0.412	0.052	0.34	0.053	0.252	0.408	0.515	0.407	420
G	0.399	0.351	0.337	0.061	0.351	0.395	0.384	0.406	0.38	0.343	0.528	0.405	0.38	0.412	0.291	0.378	0.497	0.383	0.364	0.628	0.642	0.574	0.242	0.43	420
H	0.414	0.374	0.32	0.331	0.058	0.353	0.563	0.349	0.359	0.368	0.359	0.498	0.283	0.345	0.588	0.357	0.38	0.342	0.388	0.056	0.335	0.378	0.348	0.532	420
I	0.449	0.386	0.348	0.353	0.063	0.459	0.455	0.708	0.387	0.349	0.585	0.338	0.384	0.069	0.576	0.697	0.494	0.363	0.403	0.398	0.407	0.076	0.363	0.404	420
J	0.369	0.418	0.341	0.383	0.369	0.416	0.431	0.588	0.455	0.325	0.33	0.059	0.405	0.326	0.446	0.225	0.494	0.342	0.376	0.631	0.662	0.713	0.597	0.654	420
K	0.382	0.504	0.662	0.217	0.348	0.361	0.296	0.389	0.336	0.312	0.359	0.441	0.391	0.591	0.322	0.581	0.386	0.412	0.07	0.626	0.515	0.573	0.612	0.497	420
L	0.365	0.417	0.352	0.396	0.408	0.408	0.418	0.309	0.357	0.367	0.475	0.355	0.194	0.255	0.478	0.388	0.354	0.056	0.557	0.543	0.536	0.392	0.327	0.056	420
M	0.252	0.512	0.385	0.404	0.065	0.414	0.371	0.449	0.37	0.055	0.381	0.436	0.305	0.514	0.605	0.631	0.677	0.425	0.304	0.27	0.392	0.376	0.059	0.621	420
N	0.378	0.441	0.378	0.365	0.571	0.32	0.366	0.414	0.431	0.45	0.396	0.339	0.502	0.338	0.384	0.375	0.411	0.44	0.385	0.563	0.625	0.304	0.639	0.226	420
O	0.369	0.376	0.266	0.406	0.405	0.526	0.5	0.34	0.373	0.589	0.394	0.393	0.608	0.46	0.53	0.37	0.359	0.51	0.523	0.439	0.375	0.375	0.471	0.503	420
P	0.429	0.508	0.59	0.402	0.404	0.347	0.059	0.514	0.395	0.395	0.375	0.365	0.376	0.397	0.058	0.388	0.376	0.573	0.41	0.353	0.429	0.42	0.425	0.442	420