Procedure Summary																									
																									
Plate Type	384 WELL PLATE																								
Read	Read:  (A) 420																								
																									
420																									
	1	2	3	4	5	6	7	8	9	10	11	12	13	14	15	16	17	18	19	20	21	22	23	24	
A	0.156	0.181	0.056	0.271	0.052	0.235	0.054	0.212	0.061	0.213	0.054	0.223	0.328	0.154	0.062	0.241	0.222	0.243	0.056	0.16	0.056	0.187	0.252	0.174	420
B	0.15	0.069	0.06	0.054	0.052	0.088	0.055	0.053	0.052	0.05	0.053	0.054	0.05	0.063	0.065	0.047	0.195	0.134	0.052	0.053	0.053	0.053	0.053	0.054	420
C	0.169	0.308	0.067	0.186	0.055	0.326	0.155	0.313	0.054	0.319	0.057	0.317	0.058	0.45	0.06	0.327	0.055	0.389	0.054	0.31	0.26	0.256	0.304	0.27	420
D	0.085	0.052	0.064	0.051	0.087	0.103	0.049	0.05	0.047	0.051	0.05	0.051	0.052	0.053	0.051	0.109	0.104	0.053	0.052	0.053	0.051	0.061	0.054	0.061	420
E	0.075	0.068	0.054	0.203	0.059	0.231	0.076	0.291	0.137	0.272	0.057	0.262	0.052	0.262	0.054	0.266	0.052	0.248	0.056	0.269	0.051	0.213	0.055	0.26	420
F	0.097	0.056	0.069	0.055	0.049	0.053	0.048	0.05	0.049	0.051	0.056	0.05	0.053	0.053	0.156	0.059	0.052	0.05	0.071	0.056	0.049	0.048	0.055	0.055	420
G	0.128	0.223	0.061	0.251	0.1	0.254	0.065	0.267	0.049	0.27	0.267	0.296	0.049	0.299	0.056	0.051	0.053	0.286	0.315	0.304	0.059	0.265	0.063	0.359	420
H	0.147	0.053	0.053	0.05	0.052	0.135	0.052	0.045	0.049	0.052	0.053	0.051	0.061	0.054	0.052	0.049	0.053	0.085	0.117	0.048	0.052	0.047	0.052	0.054	420
I	0.243	0.15	0.235	0.248	0.283	0.314	0.325	0.316	0.056	0.292	0.259	0.446	0.267	0.225	0.283	0.309	0.055	0.335	0.259	0.217	0.23	0.303	0.267	0.234	420
J	0.177	0.058	0.052	0.073	0.055	0.059	0.061	0.051	0.094	0.057	0.143	0.049	0.05	0.053	0.052	0.133	0.05	0.049	0.05	0.423	0.321	0.052	0.378	0.404	420
K	0.237	0.184	0.158	0.313	0.246	0.241	0.291	0.26	0.316	0.359	0.493	0.469	0.06	0.559	0.379	0.215	0.249	0.199	0.346	0.266	0.278	0.203	0.258	0.298	420
L	0.057	0.055	0.054	0.054	0.053	0.052	0.053	0.053	0.048	0.051	0.051	0.12	0.054	0.048	0.056	0.078	0.054	0.055	0.054	0.048	0.057	0.056	0.055	0.053	420
M	0.308	0.171	0.19	0.227	0.226	0.102	0.29	0.069	0.276	0.066	0.277	0.051	0.303	0.055	0.25	0.262	0.223	0.165	0.173	0.155	0.174	0.207	0.212	0.344	420
N	0.065	0.053	0.103	0.056	0.056	0.084	0.154	0.048	0.084	0.052	0.054	0.051	0.07	0.049	0.052	0.053	0.054	0.055	0.052	0.053	0.152	0.056	0.112	0.183	420
O	0.222	0.291	0.163	0.065	0.253	0.179	0.246	0.091	0.255	0.169	0.277	0.236	0.266	0.159	0.246	0.057	0.2	0.054	0.179	0.15	0.173	0.156	0.538	1.954	420
P	0.062	0.191	0.169	0.052	0.052	0.054	0.05	0.052	0.055	0.148	0.061	0.051	0.158	0.05	0.051	0.05	0.053	0.053	0.055	0.057	0.055	0.17	0.054	0.049	420