Procedure Summary																									
																									
Plate Type	384 WELL PLATE																								
Read	Read:  (A) 420																								
																									
420																									
	1	2	3	4	5	6	7	8	9	10	11	12	13	14	15	16	17	18	19	20	21	22	23	24	
A	0.064	0.637	0.236	0.662	0.206	0.351	0.146	0.159	0.116	0.125	0.051	0.116	0.297	0.093	0.585	0.277	0.05	0.051	0.051	0.333	0.282	0.41	0.465	0.462	420
B	0.157	0.204	0.134	0.145	0.128	0.139	0.226	0.145	0.117	0.276	0.183	0.292	0.136	0.127	0.289	0.126	0.118	0.313	0.367	0.051	0.131	0.143	0.054	0.398	420
C	0.16	0.123	0.148	0.547	0.146	0.11	0.145	0.128	0.123	0.135	0.278	0.05	0.12	0.104	0.049	0.296	0.117	0.577	0.117	0.129	0.326	0.293	0.422	0.339	420
D	0.151	0.133	0.144	0.255	0.124	0.116	0.155	0.336	0.05	0.156	0.133	0.129	0.111	0.146	0.049	0.122	0.137	0.338	0.79	0.053	0.126	0.349	0.392	0.053	420
E	0.125	0.139	0.141	0.127	0.215	0.243	0.107	0.213	0.12	0.206	0.052	0.472	0.05	0.116	0.288	0.25	0.09	0.306	0.105	0.292	0.134	0.165	0.13	0.38	420
F	0.147	0.115	0.135	0.135	0.146	0.156	0.117	0.136	0.114	0.127	0.05	0.106	0.119	0.124	0.124	0.151	0.746	0.053	0.278	0.049	0.098	0.134	0.124	0.315	420
G	0.14	0.117	0.128	0.05	0.145	0.134	0.117	0.131	0.102	0.143	0.139	0.135	0.145	0.28	0.124	0.342	0.239	0.147	0.12	0.282	0.12	0.106	0.106	0.347	420
H	0.211	0.138	0.226	0.123	0.048	0.109	0.101	0.24	0.108	0.221	0.23	0.107	0.1	0.122	0.12	0.104	0.115	0.1	0.141	0.048	0.103	0.105	0.102	0.317	420
I	0.146	0.161	0.124	0.121	0.053	0.135	0.105	0.166	0.137	0.115	0.125	0.108	0.119	0.049	0.28	0.119	0.2	0.14	0.125	0.323	0.117	0.05	0.111	0.35	420
J	0.164	0.245	0.163	0.166	0.139	0.122	0.128	0.256	0.12	0.122	0.246	0.05	0.155	0.108	0.131	0.09	0.09	0.291	0.296	0.308	0.115	0.117	0.089	0.329	420
K	0.135	0.177	0.33	0.156	0.205	0.116	0.094	0.14	0.146	0.113	0.13	0.131	0.23	0.134	0.15	0.222	0.13	0.285	0.05	0.118	0.137	0.11	0.142	0.092	420
L	0.116	0.158	0.11	0.248	0.129	0.12	0.142	0.105	0.127	0.11	0.126	0.124	0.093	0.153	0.145	0.128	0.123	0.05	0.117	0.202	0.125	0.135	0.112	0.053	420
M	0.094	0.158	0.132	0.161	0.052	0.142	0.136	0.155	0.126	0.05	0.122	0.129	0.197	0.128	0.154	0.124	0.119	0.129	0.321	0.052	0.144	0.121	0.054	0.155	420
N	0.144	0.145	0.113	0.129	0.138	0.118	0.147	0.245	0.14	0.1	0.149	0.166	0.142	0.114	0.133	0.277	0.139	0.134	0.111	0.349	0.122	0.094	0.138	0.054	420
O	0.126	0.148	0.095	0.145	0.129	0.128	0.146	0.117	0.797	0.181	0.179	0.277	0.157	0.124	0.131	0.145	0.125	0.121	0.114	0.145	0.126	0.169	0.132	0.18	420
P	0.121	0.134	0.154	0.152	0.128	0.111	0.053	0.108	0.189	0.188	0.132	0.13	0.131	0.164	0.053	0.21	0.12	0.5	0.293	0.287	0.302	0.238	0.168	0.186	420