Procedure Summary																									
																									
Plate Type	384 WELL PLATE																								
Read	Read:  (A) 420																								
																									
420																									
	1	2	3	4	5	6	7	8	9	10	11	12	13	14	15	16	17	18	19	20	21	22	23	24	
A	0.135	0.423	0.258	0.225	0.241	0.446	0.144	0.26	0.511	0.171	0.049	0.422	0.451	0.182	0.975	0.271	0.053	0.317	0.052	0.192	0.474	0.248	0.472	0.28	420
B	0.353	0.209	0.219	0.194	0.229	0.212	0.2	0.202	0.2	0.212	0.307	0.221	0.208	0.193	0.324	0.189	0.333	0.265	0.19	0.054	0.233	0.261	0.056	0.387	420
C	0.331	0.321	0.217	0.513	0.212	0.311	0.304	0.209	0.254	0.209	0.219	0.057	0.235	0.257	0.049	0.177	0.176	0.167	0.185	0.208	0.19	0.214	0.213	0.228	420
D	0.187	0.206	0.222	0.222	0.299	0.197	0.27	0.202	0.049	0.27	0.182	0.237	0.226	0.232	0.048	0.287	0.245	0.189	0.131	0.048	0.182	0.185	0.208	0.054	420
E	0.269	0.285	0.215	0.192	0.224	0.193	0.201	0.171	0.282	0.217	0.049	0.752	0.048	0.211	0.195	0.18	0.307	0.181	0.252	0.193	0.196	0.204	0.248	0.152	420
F	0.345	0.228	0.205	0.203	0.197	0.212	0.207	0.21	0.193	0.236	0.049	0.182	0.197	0.225	0.309	0.194	0.142	0.047	0.234	0.061	0.156	0.184	0.201	0.162	420
G	0.265	0.176	0.191	0.057	0.232	0.263	0.293	0.224	0.183	0.2	0.246	0.208	0.19	0.238	0.177	0.238	0.378	0.239	0.228	0.233	0.196	0.148	0.182	0.346	420
H	0.259	0.172	0.182	0.214	0.05	0.242	0.174	0.168	0.259	0.166	0.189	0.185	0.137	0.163	0.533	0.173	0.18	0.173	0.446	0.048	0.172	0.188	0.194	0.196	420
I	0.285	0.243	0.221	0.251	0.161	0.244	0.163	0.263	0.202	0.188	0.213	0.208	0.218	0.06	0.221	0.187	0.315	0.217	0.496	0.194	0.197	0.1	0.204	0.176	420
J	0.272	0.216	0.203	0.285	0.239	0.192	0.206	0.207	0.299	0.19	0.189	0.048	0.207	0.152	0.189	0.125	0.166	0.161	0.179	0.494	0.462	0.209	0.139	0.165	420
K	0.277	0.261	0.654	0.147	0.185	0.245	0.21	0.206	0.229	0.285	0.228	0.21	0.227	0.238	0.201	0.209	0.192	0.21	0.059	0.409	0.291	0.182	0.178	0.451	420
L	0.244	0.299	0.162	0.188	0.204	0.216	0.268	0.213	0.203	0.194	0.258	0.213	0.149	0.048	0.229	0.221	0.188	0.049	0.197	0.642	0.372	0.19	0.148	0.051	420
M	0.211	0.251	0.23	0.209	0.054	0.19	0.282	0.261	0.226	0.05	0.286	0.3	0.167	0.251	0.238	0.255	0.225	0.209	0.222	0.058	0.222	0.276	0.062	0.205	420
N	0.294	0.272	0.2	0.305	0.194	0.212	0.178	0.284	0.19	0.12	0.249	0.215	0.278	0.182	0.215	0.222	0.264	0.204	0.203	0.439	0.285	0.165	0.199	0.051	420
O	0.223	0.282	0.133	0.255	0.19	0.206	0.292	0.185	0.172	0.185	0.193	0.211	0.233	0.197	0.273	0.207	0.201	0.229	0.193	0.199	0.183	0.172	0.244	0.261	420
P	0.206	0.297	0.401	0.205	0.201	0.175	0.05	0.241	0.19	0.238	0.18	0.178	0.228	0.201	0.053	0.221	0.246	0.536	0.191	0.183	0.217	0.327	0.204	0.353	420