Procedure Summary																									
																									
Plate Type	384 WELL PLATE																								
Read	Read:  (A) 420																								
																									
420																									
	1	2	3	4	5	6	7	8	9	10	11	12	13	14	15	16	17	18	19	20	21	22	23	24	
A	0.334	0.178	0.229	0.185	0.066	0.435	0.244	0.258	0.333	0.316	0.199	0.349	0.34	0.244	0.215	0.279	0.197	0.217	0.215	0.192	0.233	0.054	0.062	0.614	420
B	0.273	0.203	0.269	0.223	0.243	0.205	0.057	0.222	0.274	0.052	0.356	0.217	0.227	0.195	0.361	0.051	0.203	0.207	0.226	0.196	0.196	0.217	0.205	0.216	420
C	0.289	0.245	0.239	0.054	0.228	0.216	0.279	0.223	0.241	0.079	0.22	0.054	0.263	0.349	0.202	0.306	0.2	0.204	0.211	0.858	0.054	0.203	0.398	0.271	420
D	0.198	0.231	0.183	0.234	0.228	0.25	0.058	0.053	0.068	0.202	0.207	0.202	0.214	0.221	0.21	0.258	0.276	0.387	0.206	0.201	0.186	0.577	0.206	0.522	420
E	0.065	0.203	0.211	0.213	0.229	0.186	0.218	0.247	0.251	0.212	0.184	0.208	0.233	0.205	0.211	0.337	0.198	0.222	0.451	0.219	0.396	0.208	0.404	0.265	420
F	0.211	0.28	0.22	0.318	0.055	0.195	0.083	0.21	0.223	0.201	0.243	0.203	0.203	0.206	0.238	0.2	0.204	0.158	0.211	0.18	0.053	0.068	0.197	0.257	420
G	0.213	0.201	0.217	0.208	0.21	0.204	0.233	0.228	0.16	0.19	0.055	0.054	0.056	0.262	0.196	0.266	0.229	0.219	0.195	0.484	0.209	0.207	0.188	0.348	420
H	0.212	0.231	0.179	0.178	0.174	0.198	0.146	0.052	0.059	0.176	0.189	0.309	0.176	0.167	0.448	0.164	0.179	0.181	0.192	0.146	0.17	0.056	0.16	0.054	420
I	0.239	0.183	0.056	0.201	0.194	0.227	0.058	0.436	0.215	0.225	0.199	0.212	0.098	0.227	0.372	0.241	0.237	0.162	0.222	0.216	0.187	0.604	0.212	0.207	420
J	0.219	0.057	0.179	0.234	0.202	0.056	0.254	0.214	0.227	0.197	0.2	0.054	0.237	0.199	0.179	0.216	0.338	0.075	0.075	0.497	0.495	0.211	0.205	0.255	420
K	0.234	0.25	0.059	0.187	0.223	0.209	0.204	0.203	0.202	0.215	0.209	0.202	0.223	0.362	0.069	0.207	0.218	0.241	0.193	0.217	0.3	0.212	0.234	0.666	420
L	0.197	0.224	0.194	0.18	0.056	0.2	0.235	0.365	0.074	0.062	0.377	0.206	0.216	0.052	0.194	0.218	0.205	0.195	0.206	0.055	0.578	0.195	0.206	0.589	420
M	0.195	0.084	0.184	0.168	0.256	0.199	0.267	0.22	0.276	0.214	0.22	0.201	0.374	0.218	0.367	0.397	0.216	0.207	0.184	0.212	0.196	0.478	0.059	0.201	420
N	0.238	0.225	0.178	0.211	0.184	0.196	0.196	0.096	0.238	0.198	0.2	0.194	0.228	0.057	0.214	0.212	0.215	0.515	0.189	0.223	0.545	0.269	0.575	0.64	420
O	0.23	0.208	0.221	0.303	0.075	0.217	0.237	0.212	0.221	0.546	0.345	0.209	0.197	0.218	0.349	0.187	0.198	0.204	0.385	0.303	0.294	0.193	0.199	0.195	420
P	0.187	0.324	0.207	0.203	0.189	0.198	0.065	0.209	0.192	0.205	0.23	0.202	0.198	0.198	0.198	0.062	0.216	0.22	0.396	0.237	0.202	0.208	0.216	0.124	420