Procedure Summary																									
																									
Plate Type	384 WELL PLATE																								
Read	Read:  (A) 420																								
																									
420																									
	1	2	3	4	5	6	7	8	9	10	11	12	13	14	15	16	17	18	19	20	21	22	23	24	
A	0.25	0.145	0.327	0.254	0.348	0.383	0.301	0.237	0.346	0.26	0.325	0.243	0.354	0.216	0.285	0.548	0.346	0.324	0.259	0.233	0.246	0.3	0.23	0.266	420
B	0.233	0.253	0.342	0.252	0.271	0.224	0.238	0.244	0.257	0.181	0.243	0.251	0.192	0.142	0.281	0.055	0.28	0.366	0.24	0.612	0.258	0.249	0.256	0.253	420
C	0.267	0.34	0.253	0.048	0.276	0.203	0.287	0.227	0.273	0.273	0.277	0.254	0.357	0.062	0.055	0.237	0.202	0.356	0.264	0.217	0.285	0.252	0.232	0.254	420
D	0.272	0.05	0.23	0.052	0.32	0.25	0.236	0.19	0.231	0.222	0.206	0.258	0.234	0.195	0.245	0.16	0.255	0.415	0.241	0.234	0.248	0.267	0.236	0.23	420
E	0.281	0.252	0.266	0.048	0.264	0.246	0.183	0.251	0.264	0.239	0.217	0.101	0.254	0.399	0.264	0.248	0.254	0.231	0.291	0.173	0.348	0.163	0.239	0.207	420
F	0.159	0.054	0.228	0.236	0.322	0.234	0.207	0.225	0.257	0.236	0.194	0.254	0.239	0.249	0.301	0.197	0.295	0.271	0.237	0.051	0.295	0.191	0.252	0.304	420
G	0.21	0.229	0.253	0.051	0.203	0.249	0.205	0.048	0.054	0.188	0.21	0.237	0.237	0.24	0.212	0.267	0.288	0.289	0.234	0.446	0.231	0.23	0.284	0.368	420
H	0.273	0.217	0.24	0.187	0.217	0.228	0.258	0.233	0.225	0.242	0.154	0.183	0.164	0.222	0.214	0.25	0.238	0.216	0.219	0.299	0.062	0.233	0.254	0.222	420
I	0.315	0.052	0.228	0.217	0.271	0.246	0.263	0.252	0.867	0.054	0.223	0.213	0.471	0.163	0.212	0.198	0.183	0.415	0.219	0.227	0.227	0.523	0.051	0.214	420
J	0.164	0.238	0.338	0.24	0.204	0.216	0.217	0.22	0.28	0.051	0.246	0.236	0.063	0.255	0.15	0.25	0.21	0.179	0.198	0.318	0.448	0.259	0.537	0.267	420
K	0.221	0.228	0.198	0.253	0.252	0.167	0.211	0.188	0.238	0.28	0.237	0.112	0.182	0.051	0.189	0.218	0.202	0.208	0.233	0.532	0.26	0.311	0.16	0.496	420
L	0.162	0.206	0.217	0.219	0.226	0.181	0.243	0.211	0.243	0.22	0.182	0.217	0.218	0.205	0.239	0.204	0.141	0.213	0.243	0.495	0.333	0.243	0.242	0.218	420
M	0.204	0.203	0.275	0.249	0.216	0.268	0.221	0.571	0.228	0.072	0.226	0.253	0.247	0.192	0.396	0.304	0.215	0.469	0.243	0.356	0.309	0.376	0.376	0.246	420
N	0.191	0.173	0.244	0.132	0.34	0.229	0.248	0.253	0.206	0.242	0.173	0.205	0.233	0.054	0.216	0.223	0.452	0.247	0.226	0.231	0.238	0.251	0.293	0.238	420
O	0.341	0.178	0.194	0.192	0.153	0.138	0.335	0.056	0.205	0.26	0.207	0.22	0.267	0.241	0.197	0.264	0.172	0.174	0.401	0.36	0.053	0.303	0.368	0.247	420
P	0.162	0.296	0.229	0.135	0.15	0.162	0.159	0.192	0.057	0.163	0.21	0.144	0.153	0.156	0.145	0.164	0.093	0.192	0.054	0.167	0.216	0.26	0.173	0.273	420