Procedure Summary																									
																									
Plate Type	384 WELL PLATE																								
Read	Read:  (A) 420																								
																									
420																									
	1	2	3	4	5	6	7	8	9	10	11	12	13	14	15	16	17	18	19	20	21	22	23	24	
A	0.619	0.525	0.424	0.487	0.14	0.647	0.484	0.47	0.433	0.41	0.438	0.697	0.874	0.44	0.723	0.479	0.523	0.465	0.456	0.397	0.457	0.065	0.064	0.551	420
B	0.623	0.44	0.517	0.442	0.462	0.444	0.064	0.478	0.536	0.055	0.471	0.513	0.424	0.546	0.606	0.053	0.574	0.634	0.504	0.457	0.457	0.536	0.52	0.495	420
C	0.633	0.514	0.473	0.055	0.569	0.782	0.499	0.453	0.502	0.063	0.532	0.064	0.495	0.721	0.508	0.505	0.418	0.508	0.512	0.939	0.07	0.443	0.427	0.608	420
D	0.468	0.525	0.478	0.502	0.468	0.524	0.151	0.058	0.083	0.542	0.567	0.669	0.532	0.501	0.727	0.701	0.658	0.566	0.465	0.504	0.466	0.822	0.455	0.52	420
E	0.178	0.44	0.503	0.455	0.467	0.406	0.496	0.471	0.489	0.451	0.24	0.5	0.52	0.524	0.669	0.552	0.801	0.42	0.524	0.542	0.068	0.431	0.444	0.452	420
F	0.47	0.608	0.461	0.661	0.065	0.439	0.061	0.428	0.449	0.61	0.442	0.389	0.408	0.432	0.62	0.502	0.531	0.306	0.478	0.447	0.059	0.059	0.507	0.544	420
G	0.506	0.492	0.438	0.468	0.455	0.472	0.499	0.401	0.422	0.464	0.068	0.064	0.06	0.062	0.383	0.418	0.443	0.638	0.489	0.715	0.523	0.781	0.563	0.661	420
H	0.437	0.415	0.385	0.357	0.449	0.388	0.356	0.058	0.138	0.372	0.4	0.48	0.481	0.377	0.748	0.377	0.52	0.533	0.447	0.105	0.371	0.13	0.382	0.061	420
I	0.542	0.454	0.082	0.442	0.356	0.517	0.114	0.599	0.411	0.295	0.442	0.432	0.068	0.398	0.062	0.734	0.44	0.097	0.79	0.477	0.438	0.451	0.397	0.495	420
J	0.487	0.114	0.451	0.608	0.589	0.071	0.448	0.636	0.637	0.472	0.344	0.064	0.654	0.648	0.361	0.415	0.44	0.06	0.146	0.498	0.733	0.388	0.79	0.776	420
K	0.63	0.079	0.165	0.464	0.456	0.506	0.414	0.379	0.476	0.461	0.456	0.414	0.407	0.701	0.065	0.721	0.421	0.441	0.449	0.499	0.441	0.362	0.624	0.732	420
L	0.449	0.435	0.44	0.465	0.063	0.456	0.505	0.418	0.064	0.108	0.587	0.422	0.533	0.062	0.41	0.56	0.513	0.399	0.72	0.065	0.632	0.395	0.401	0.442	420
M	0.644	0.13	0.453	0.41	0.65	0.583	0.647	0.666	0.456	0.427	0.358	0.483	0.453	0.458	0.452	0.666	0.552	0.499	0.477	0.4	0.41	0.472	0.169	0.502	420
N	0.509	0.515	0.177	0.449	0.487	0.405	0.492	0.119	0.443	0.417	0.576	0.447	0.5	0.057	0.616	0.44	0.505	0.506	0.374	0.408	0.631	0.453	0.474	0.554	420
O	0.549	0.495	0.567	0.462	0.088	0.446	0.572	0.477	0.423	0.97	0.454	0.399	0.463	0.507	0.491	0.474	0.472	0.414	0.588	0.513	0.399	0.453	0.481	0.405	420
P	0.458	0.686	0.503	0.407	0.41	0.439	0.062	0.477	0.493	0.482	0.518	0.469	0.454	0.544	0.564	0.064	0.43	0.475	0.42	0.509	0.44	0.558	0.48	0.069	420