Procedure Summary																									
																									
Plate Type	384 WELL PLATE																								
Read	Read:  (A) 420																								
																									
420																									
	1	2	3	4	5	6	7	8	9	10	11	12	13	14	15	16	17	18	19	20	21	22	23	24	
A	0.206	0.373	0.135	0.157	0.298	0.281	0.06	0.295	0.049	0.138	0.139	0.175	0.22	0.394	0.052	0.288	0.286	0.496	0.289	0.384	0.051	0.145	0.163	0.469	420
B	0.18	0.089	0.051	0.056	0.068	0.084	0.098	0.051	0.05	0.103	0.226	0.353	0.078	0.08	0.205	0.051	0.24	0.259	0.051	0.052	0.068	0.053	0.068	0.188	420
C	0.18	0.126	0.087	0.29	0.07	0.121	0.115	0.15	0.077	0.122	0.069	0.136	0.051	0.131	0.05	0.134	0.093	0.152	0.125	0.15	0.411	0.168	0.144	0.471	420
D	0.072	0.053	0.053	0.051	0.086	0.053	0.107	0.053	0.049	0.352	0.25	0.358	0.051	0.05	0.083	0.079	0.058	0.05	0.05	0.339	0.052	0.056	0.057	0.129	420
E	0.052	0.084	0.117	0.113	0.071	0.299	0.109	0.086	0.086	0.292	0.054	0.132	0.059	0.276	0.296	0.129	0.082	0.115	0.077	0.128	0.051	0.118	0.071	0.457	420
F	0.057	0.076	0.134	0.186	0.051	0.198	0.048	0.074	0.066	0.214	0.071	0.16	0.088	0.071	0.053	0.116	0.076	0.087	0.052	0.061	0.049	0.052	0.053	0.351	420
G	0.093	0.232	0.1	0.114	0.055	0.108	0.079	0.112	0.084	0.117	0.13	0.125	0.049	0.138	0.053	0.101	0.055	0.127	0.215	0.134	0.053	0.138	0.063	0.142	420
H	0.123	0.108	0.071	0.062	0.094	0.063	0.078	0.048	0.05	0.08	0.105	0.308	0.083	0.05	0.37	0.086	0.084	0.087	0.061	0.049	0.064	0.051	0.052	0.052	420
I	0.177	0.126	0.182	0.057	0.155	0.118	0.137	0.255	0.092	0.115	0.229	0.161	0.051	0.122	0.326	0.13	0.316	0.167	0.145	0.369	0.143	0.149	0.125	0.145	420
J	0.119	0.07	0.143	0.105	0.053	0.051	0.087	0.261	0.106	0.073	0.056	0.052	0.087	0.056	0.049	0.051	0.064	0.094	0.127	0.287	0.063	0.062	0.071	0.313	420
K	0.169	0.127	0.122	0.165	0.306	0.109	0.137	0.129	0.12	0.134	0.142	0.174	0.101	0.472	0.228	0.186	0.117	0.124	0.108	0.126	0.139	0.12	0.125	0.131	420
L	0.091	0.07	0.266	0.065	0.07	0.28	0.112	0.076	0.081	0.078	0.088	0.076	0.335	0.051	0.395	0.082	0.073	0.052	0.055	0.052	0.091	0.073	0.059	0.337	420
M	0.117	0.132	0.121	0.129	0.124	0.079	0.13	0.054	0.157	0.064	0.126	0.069	0.204	0.057	0.245	0.17	0.143	0.127	0.277	0.174	0.126	0.11	0.294	0.311	420
N	0.13	0.086	0.051	0.05	0.053	0.051	0.115	0.088	0.228	0.068	0.088	0.075	0.06	0.053	0.084	0.062	0.06	0.056	0.066	0.053	0.399	0.057	0.06	0.059	420
O	0.116	0.104	0.11	0.053	0.119	0.126	0.145	0.055	0.121	0.109	0.152	0.154	0.147	0.073	0.244	0.067	0.148	0.054	0.131	0.142	0.122	0.158	0.452	0.094	420
P	0.059	0.057	0.146	0.054	0.054	0.055	0.055	0.146	0.057	0.054	0.125	0.056	0.071	0.061	0.115	0.158	0.059	0.057	0.208	0.055	0.058	0.057	0.062	0.064	420