Procedure Summary																									
																									
Plate Type	384 WELL PLATE																								
Read	Read:  (A) 420																								
																									
420																									
	1	2	3	4	5	6	7	8	9	10	11	12	13	14	15	16	17	18	19	20	21	22	23	24	
A	0.196	0.416	0.134	0.333	0.08	0.729	0.073	0.572	0.172	0.376	0.059	0.737	0.36	0.384	0.094	0.433	0.162	0.399	0.106	0.44	0.068	0.407	0.757	0.493	420
B	0.18	0.068	0.073	0.074	0.309	0.076	0.063	0.071	0.088	0.055	0.07	0.119	0.064	0.064	0.164	0.062	0.062	0.228	0.074	0.066	0.062	0.088	0.075	0.181	420
C	0.224	0.549	0.087	0.413	0.087	0.554	0.199	0.426	0.081	0.485	0.081	0.335	0.069	0.679	0.073	0.451	0.067	0.425	0.066	0.437	0.458	0.378	0.523	0.431	420
D	0.077	0.072	0.07	0.066	0.102	0.07	0.068	0.063	0.062	0.428	0.067	0.07	0.059	0.06	0.07	0.167	0.209	0.205	0.058	0.059	0.065	0.095	0.065	0.196	420
E	0.09	0.07	0.074	0.423	0.08	0.388	0.157	0.503	0.128	0.459	0.078	0.427	0.074	0.346	0.111	0.615	0.416	0.346	0.126	0.423	0.306	0.366	0.122	0.338	420
F	0.091	0.07	0.075	0.071	0.071	0.068	0.061	0.08	0.062	0.181	0.065	0.08	0.065	0.214	0.366	0.068	0.226	0.248	0.121	0.064	0.057	0.057	0.063	0.074	420
G	0.09	0.418	0.093	0.498	0.159	0.404	0.183	0.352	0.064	0.344	0.598	0.366	0.063	0.385	0.07	0.245	0.097	0.44	0.518	0.416	0.075	0.643	0.064	0.606	420
H	0.155	0.078	0.084	0.06	0.068	0.09	0.07	0.064	0.06	0.059	0.061	0.079	0.064	0.063	0.077	0.063	0.064	0.089	0.463	0.055	0.079	0.059	0.063	0.066	420
I	0.458	0.37	0.49	0.43	0.421	0.46	0.434	0.491	0.27	0.51	0.476	0.396	0.512	0.359	0.411	0.636	0.091	0.384	0.714	0.537	0.437	0.718	0.367	0.4	420
J	0.092	0.069	0.1	0.081	0.076	0.069	0.069	0.07	0.081	0.097	0.067	0.066	0.098	0.371	0.084	0.362	0.352	0.07	0.085	0.361	0.385	0.146	0.234	0.411	420
K	0.415	0.515	0.296	0.349	0.335	0.085	0.384	0.327	0.268	0.405	0.505	0.436	0.132	0.812	0.315	0.565	0.367	0.403	0.375	0.665	0.563	0.704	0.48	0.649	420
L	0.141	0.069	0.112	0.063	0.058	0.062	0.122	0.07	0.06	0.06	0.343	0.086	0.227	0.063	0.071	0.153	0.072	0.142	0.35	0.076	0.072	0.091	0.068	0.444	420
M	0.286	0.323	0.317	0.065	0.332	0.084	0.54	0.123	0.409	0.122	0.432	0.113	0.458	0.077	0.549	0.613	0.628	0.472	0.443	0.4	0.412	0.528	0.473	0.588	420
N	0.125	0.068	0.093	0.07	0.066	0.105	0.097	0.067	0.08	0.337	0.124	0.106	0.276	0.062	0.39	0.066	0.129	0.106	0.085	0.081	0.401	0.095	0.104	0.213	420
O	0.335	0.432	0.329	0.123	0.395	0.335	0.495	0.078	0.41	0.353	0.461	0.415	0.492	0.515	0.573	0.078	0.373	0.088	0.513	0.543	0.385	0.358	0.678	0.401	420
P	0.064	0.154	0.071	0.067	0.063	0.064	0.059	0.101	0.067	0.088	0.076	0.067	0.085	0.099	0.071	0.061	0.089	0.066	0.075	0.398	0.079	0.27	0.078	0.244	420