Procedure Summary																									
																									
Plate Type	384 WELL PLATE																								
Read	Read:  (A) 420																								
																									
420																									
	1	2	3	4	5	6	7	8	9	10	11	12	13	14	15	16	17	18	19	20	21	22	23	24	
A	0.184	0.335	0.24	0.113	0.054	0.232	0.125	0.156	0.11	0.089	0.121	0.122	0.249	0.128	0.127	0.13	0.213	0.193	0.13	0.124	0.152	0.049	0.125	0.277	420
B	0.178	0.165	0.134	0.134	0.13	0.129	0.05	0.138	0.132	0.048	0.135	0.139	0.16	0.143	0.174	0.047	0.157	0.327	0.152	0.147	0.138	0.134	0.14	0.145	420
C	0.109	0.121	0.125	0.05	0.127	0.137	0.126	0.117	0.118	0.051	0.127	0.048	0.128	0.13	0.131	0.222	0.139	0.276	0.163	0.886	0.051	0.14	0.139	0.22	420
D	0.128	0.144	0.126	0.113	0.121	0.127	0.138	0.048	0.051	0.199	0.106	0.18	0.132	0.142	0.124	0.188	0.149	0.144	0.153	0.188	0.249	0.395	0.148	0.251	420
E	0.051	0.11	0.133	0.13	0.156	0.106	0.134	0.12	0.129	0.123	0.129	0.125	0.135	0.153	0.214	0.118	0.137	0.141	0.127	0.303	0.05	0.118	0.128	0.281	420
F	0.12	0.219	0.133	0.196	0.053	0.16	0.047	0.12	0.126	0.131	0.123	0.125	0.119	0.13	0.142	0.123	0.138	0.092	0.142	0.12	0.049	0.05	0.143	0.279	420
G	0.129	0.173	0.131	0.114	0.113	0.114	0.113	0.12	0.1	0.119	0.047	0.051	0.054	0.149	0.128	0.198	0.134	0.144	0.125	0.332	0.144	0.119	0.272	0.29	420
H	0.188	0.143	0.153	0.092	0.129	0.097	0.069	0.048	0.05	0.099	0.16	0.116	0.108	0.098	0.109	0.109	0.104	0.107	0.138	0.048	0.115	0.05	0.102	0.051	420
I	0.206	0.126	0.053	0.115	0.099	0.132	0.054	0.152	0.152	0.121	0.149	0.134	0.049	0.116	0.049	0.125	0.218	0.117	0.276	0.188	0.352	0.126	0.104	0.127	420
J	0.175	0.127	0.236	0.231	0.124	0.055	0.13	0.106	0.119	0.118	0.113	0.063	0.159	0.136	0.119	0.126	0.119	0.052	0.049	0.368	0.127	0.123	0.118	0.195	420
K	0.169	0.057	0.055	0.158	0.273	0.123	0.106	0.127	0.136	0.143	0.128	0.12	0.173	0.125	0.051	0.129	0.127	0.235	0.124	0.116	0.107	0.267	0.139	0.119	420
L	0.118	0.123	0.298	0.267	0.179	0.295	0.14	0.121	0.052	0.052	0.127	0.115	0.132	0.051	0.237	0.123	0.122	0.115	0.117	0.052	0.174	0.12	0.124	0.14	420
M	0.132	0.09	0.101	0.102	0.163	0.13	0.115	0.183	0.166	0.17	0.114	0.121	0.206	0.138	0.122	0.152	0.165	0.136	0.143	0.121	0.112	0.313	0.053	0.144	420
N	0.157	0.146	0.058	0.117	0.116	0.126	0.154	0.051	0.144	0.143	0.159	0.151	0.134	0.051	0.126	0.134	0.147	0.115	0.116	0.12	0.179	0.158	0.13	0.14	420
O	0.141	0.159	0.133	0.117	0.061	0.136	0.141	0.152	0.152	0.334	0.165	0.178	0.139	0.132	0.13	0.127	0.157	0.153	0.116	0.143	0.134	0.205	0.128	0.117	420
P	0.099	0.194	0.178	0.113	0.12	0.118	0.077	0.151	0.264	0.119	0.147	0.124	0.127	0.123	0.103	0.056	0.128	0.149	0.267	0.157	0.113	0.25	0.111	0.053	420