Procedure Summary																									
																									
Plate Type	384 WELL PLATE																								
Read	Read:  (A) 420																								
																									
420																									
	1	2	3	4	5	6	7	8	9	10	11	12	13	14	15	16	17	18	19	20	21	22	23	24	
A	0.195	0.064	0.346	0.161	0.164	0.455	0.43	0.164	0.136	0.427	0.392	0.349	0.335	0.055	0.064	0.534	0.319	0.14	0.199	0.053	0.373	0.288	0.426	0.595	420
B	0.287	0.25	0.313	0.256	0.053	0.23	0.211	0.241	0.224	0.216	0.255	0.411	0.054	0.295	0.471	0.226	0.527	0.788	0.422	0.24	0.347	0.445	0.291	0.468	420
C	0.366	0.311	0.221	0.059	0.275	0.055	0.258	0.246	0.199	0.053	0.21	0.051	0.331	0.218	0.169	0.052	0.537	0.227	0.222	0.234	0.211	0.054	0.224	0.156	420
D	0.234	0.053	0.212	0.19	0.057	0.052	0.258	0.227	0.216	0.145	0.124	0.413	0.293	0.166	0.28	0.219	0.288	0.052	0.142	0.208	0.249	0.258	0.301	0.459	420
E	0.256	0.25	0.374	0.051	0.294	0.23	0.233	0.23	0.2	0.194	0.049	0.055	0.047	0.196	0.09	0.169	0.226	0.229	0.238	0.183	0.218	0.079	0.174	0.278	420
F	0.247	0.253	0.232	0.238	0.052	0.237	0.254	0.212	0.304	0.349	0.213	0.227	0.217	0.403	0.282	0.21	0.218	0.354	0.259	0.225	0.223	0.205	0.291	0.295	420
G	0.292	0.2	0.232	0.243	0.228	0.218	0.251	0.05	0.404	0.252	0.065	0.07	0.245	0.411	0.201	0.054	0.224	0.217	0.182	0.564	0.054	0.453	0.235	0.426	420
H	0.256	0.224	0.24	0.272	0.227	0.32	0.259	0.05	0.241	0.235	0.241	0.304	0.051	0.194	0.23	0.208	0.225	0.51	0.227	0.205	0.222	0.053	0.194	0.053	420
I	0.342	0.216	0.215	0.212	0.229	0.227	0.25	0.384	0.362	0.303	0.338	0.204	0.051	0.051	0.391	0.177	0.225	0.397	0.051	0.296	0.053	0.487	0.175	0.228	420
J	0.072	0.161	0.343	0.163	0.219	0.255	0.085	0.331	0.243	0.197	0.229	0.211	0.255	0.196	0.053	0.458	0.33	0.205	0.487	0.111	0.452	0.212	0.516	0.492	420
K	0.208	0.332	0.207	0.206	0.375	0.238	0.326	0.226	0.218	0.207	0.248	0.082	0.249	0.385	0.065	0.206	0.053	0.065	0.05	0.412	0.081	0.428	0.423	0.876	420
L	0.23	0.24	0.224	0.192	0.199	0.204	0.258	0.259	0.224	0.219	0.396	0.433	0.22	0.051	0.055	0.18	0.134	0.216	0.407	0.055	0.21	0.217	0.214	0.447	420
M	0.067	0.227	0.225	0.199	0.052	0.229	0.247	0.351	0.113	0.243	0.248	0.222	0.344	0.052	0.367	0.251	0.139	0.211	0.26	0.358	0.198	0.284	0.056	0.546	420
N	0.249	0.106	0.387	0.233	0.409	0.199	0.235	0.213	0.22	0.202	0.209	0.189	0.326	0.204	0.219	0.139	0.2	0.2	0.207	0.225	0.21	0.226	0.336	0.583	420
O	0.28	0.574	0.052	0.317	0.055	0.195	0.18	0.196	0.085	0.392	0.42	0.348	0.362	0.235	0.21	0.277	0.224	0.268	0.054	0.302	0.214	0.219	0.403	0.217	420
P	0.382	0.369	0.374	0.521	0.243	0.236	0.248	0.357	0.209	0.223	0.19	0.163	0.195	0.168	0.219	0.2	0.198	0.17	0.364	0.193	0.174	0.251	0.249	0.202	420